4.46225
4.09792
3.99434
3.87036
4.35765
4.3776
4.17605
4.23722
3.9274
4.07389
4.03859
3.72787
3.83041
4.1976
3.56002
3.53679
3.99507
4.10958
4.23756
4.20322
3.69898
4.32545
3.94542
3.81657
4.06727
4.16963
3.98551
4.24923
4.55477
4.02546
4.30161
4.06985
4.18985
3.89326
4.2226
4.47705
3.94608
4.46135
3.86041
3.99088
3.77633
4.20658
4.15579
4.57853
4.14594
3.97587
4.21733
3.9796
3.96935
3.96708
4.04223
4.20111
3.88026
4.18092
3.57241
3.82818
4.34621
3.79575
3.73051
4.06605
3.69628
4.1858
4.23273
4.17259
3.85601
4.22868
4.18674
3.91515
4.28295
3.88312
4.52276
4.11904
3.97646
3.8574
4.39491
3.61651
3.90512
4.15019
4.35344
4.37171
4.03902
3.96246
3.78681
3.95325
3.9288
3.96579
4.25551
3.7209
4.48145
3.94801
4.1856
4.05793
4.13602
3.80858
4.4872
4.15605
4.42359
3.99418
4.17569
4.01623
4.01318
4.28565
3.89436
3.93206
3.88393
4.06582
3.97366
3.98822
3.81
4.07624
3.69144
4.16255
4.41257
4.37579
3.87265
3.60818
4.11445
3.93542
4.39971
4.15475
4.4636
3.95634
4.02561
4.34258
4.50355
3.86172
3.98169
3.87965
4.25634
4.19716
4.07007
4.0288
4.21858
4.10881
4.10776
4.14523
3.9485
3.91755
4.15147
4.39032
4.11306
3.79151
3.95034
4.08632
3.43329
3.86508
4.01811
4.20653
3.90874
4.33291
3.79115
4.0675
4.02656
4.2956
4.45197
4.06387
4.33287
4.11763
4.0486
3.98288
4.05939
3.53535
3.7495
3.94315
4.13044
4.29449
3.93727
4.49295
3.67871
4.34047
3.92292
4.01007
3.83776
4.24469
3.84631
4.1422
3.92431
4.34609
4.00714
3.79247
4.12214
3.81174
3.98142
4.16952
4.24464
4.09783
4.04033
3.98723
4.32631
4.25455
4.04734
3.57632
4.2112
4.65766
3.78442
4.14413
4.1078
4.44554
4.0596
3.83614
4.38014
4.01509
3.92239
3.80541
4.15388
4.07312
3.73789
3.65741
4.06758
4.28094
4.22034
3.92967
4.12334
4.18121
3.67918
4.41845
4.02471
3.69383
3.81896
4.28358
4.24762
4.00423
3.84561
4.31403
4.36471
3.91958
3.63789
4.18463
4.18639
4.19695
4.14705
3.78438
4.34654
4.36981
4.34895
3.63203
4.24414
4.24735
4.03551
4.04158
3.81074
3.7046
4.20547
3.82393
3.71656
3.93005
4.17319
3.96527
4.12964
3.79947
4.26133
3.49294
4.06257
4.24029
4.4426
3.80237
4.20435
3.93009
4.37329
3.77208
3.76158
4.00647
3.82051
4.06392
4.12336
4.58638
4.32559
3.87453
3.99986
4.13546
4.15822
3.85535
4.14636
3.86721
3.85629
4.13437
4.54944
4.34114
4.06179
4.17471
4.1226
4.09023
3.73281
4.05286
4.07858
4.04738
3.98644
4.13616
3.86402
4.49157
3.67283
3.90078
3.49393
3.95183
4.09374
4.61673
3.94739
4.11366
3.7746
4.00139
3.98632
3.96114
4.10525
4.01405
4.14072
4.0385
3.86506
4.29919
4.39614
4.11215
4.22346
4.21783
4.64965
4.26095
3.98457
4.04695
4.47733
4.10421
3.96245
4.13523
4.07655
4.09258
3.87605
4.08475
4.10111
4.186
3.91273
3.83498
3.83345
4.09334
3.94356
3.84284
4.1094
4.31675
3.99067
4.26195
4.2801
3.97458
3.98389
4.34275
3.93375
3.84757
4.40931
3.93704
3.94812
3.92811
4.20335
4.33954
4.02221
3.93213
4.16208
3.90963
4.51074
4.12695
3.72258
3.96457
4.0271
4.09591
4.3284
4.41918
4.01664
4.3325
4.00637
4.0471
4.10129
4.1726
3.85438
4.15197
3.948
4.0949
4.05484
3.90911
3.83379
4.0545
4.23372
3.76181
4.36531
4.47756
4.29343
4.41017
3.85766
3.8567
4.24631
4.01502
4.33874
4.1356
4.14307
3.65902
4.56429
4.36076
4.50611
3.87698
4.04154
4.17903
3.88044
4.20761
3.83268
3.70458
4.03977
4.12339
3.9589
3.93313
3.84001
3.8381
4.19871
3.70031
3.92994
4.06531
4.03332
4.05745
3.74197
4.22248
3.79502
4.30477
4.48969
4.2132
3.93535
4.17417
4.29159
4.06933
4.05079
3.79839
4.29989
3.99992
3.73401
3.52576
3.79691
4.26195
3.93879
4.05423
3.73161
4.23047
4.13207
3.9578
4.07349
3.89761
3.55231
3.63723
3.7433
3.96311
3.54998
4.01986
4.02554
3.72324
4.03646
3.99319
4.028
4.21846
3.86136
4.16191
4.08627
4.56594
4.30563
3.91017
3.62868
4.02438
3.78138
3.95689
4.39104
3.6563
4.04232
3.78623
4.25394
4.02359
3.91466
4.22913
4.01444
3.80737
3.75238
3.78822
3.79048
4.10645
4.14946
3.69234
4.2882
3.96821
4.02817
4.73662
4.1584
3.96416
3.99314
3.90564
4.01843
3.91314
4.16462
4.38541
3.93521
4.15972
3.73106
4.16621
3.95683
3.99618
4.06433
3.84767
3.9757
4.47447
4.05438
3.84644
4.0126
4.32288
4.31444
4.08833
4.14114
4.36797
4.07087
3.85972
4.15515
3.98389
4.01324
4.09743
4.03499
3.93733
4.17803
4.13309
4.31028
3.8285
4.16424
4.51687
4.03794
4.49236
4.31342
4.33654
4.28223
4.20318
4.09494
3.95709
3.70729
4.04881
4.09832
4.09096
3.8778
4.40298
3.89699
4.18028
4.09501
4.08356
3.91774
4.33571
4.12917
4.27749
4.12763
3.82466
4.30194
3.9442
3.83574
3.64942
3.74906
4.07258
4.01543
4.31378
4.10298
4.46046
4.30714
3.71993
3.74133
4.17153
4.10182
4.07682
4.43164
4.39017
4.19314
4.33245
4.11411
4.02687
3.93646
4.54566
4.06225
3.86702
3.85604
3.91449
4.17692
3.85375
4.06329
3.61641
4.03624
4.15915
3.98533
4.3282
3.52199
4.41805
4.48417
4.05893
3.72334
4.20178
3.89597
4.38024
4.04427
4.11993
4.13911
3.91608
3.87431
4.35007
4.03478
4.30326
4.08071
4.26486
3.94422
4.35599
4.24233
4.0857
4.24107
4.40319
3.95803
3.8606
4.28245
4.28857
4.52033
4.20113
3.99412
4.20873
4.0486
3.99988
3.77946
4.03429
3.9722
4.30742
4.0779
3.79678
4.08751
3.7955
4.16368
4.22677
4.11094
4.03264
4.4277
4.00703
4.13332
3.89334
4.35464
4.15909
4.08888
4.19224
3.92129
3.93084
4.46015
4.07661
3.96498
3.96983
4.21742
4.01865
4.10333
4.19545
4.23731
3.5743
4.33962
3.9552
4.17159
4.11401
4.12343
4.54721
4.12291
4.11126
4.15383
3.89951
3.76206
4.24363
4.02489
3.93346
4.4197
4.44012
4.36953
4.32682
4.18205
4.22138
4.19332
4.1061
4.03499
3.8437
4.30157
3.85488
4.24265
4.07513
4.34666
3.79582
3.77947
4.09388
3.46781
4.07503
4.25136
3.89223
4.36532
3.78268
4.16992
4.11112
3.75854
3.90788
3.95721
4.10381
3.9252
4.08751
4.12008
4.32454
3.88704
4.14075
4.25551
4.26082
3.64993
4.11208
4.11452
3.94881
4.10387
3.91729
4.07787
3.81628
4.10034
4.28148
3.93426
4.04582
3.83175
3.99067
3.9518
3.87647
3.85781
3.70537
4.05141
4.03816
4.24341
4.02286
4.19981
3.66704
3.9383
4.39774
3.93549
3.97863
4.32347
4.06076
4.37144
4.10414
3.86576
4.19537
3.85377
3.99888
4.42028
3.83399
3.88291
4.01252
4.10977
4.00997
3.84073
3.60801
3.68208
3.70831
4.00912
4.14781
4.25697
4.06916
4.20689
3.80757
4.23843
4.12443
4.16966
4.01662
3.74432
4.0702
3.87954
4.039
4.07951
3.88078
4.04999
4.37017
4.10126
3.56796
3.98019
4.05366
4.29853
4.53126
3.91928
4.27976
3.99465
4.22291
4.40977
4.04487
4.50704
4.11463
4.02969
4.17752
4.31926
4.44381
3.99886
4.3218
4.44369
4.04655
4.34015
3.80495
4.02817
3.85117
4.27212
3.97142
4.25228
4.01058
4.4861
4.12067
4.02914
4.32802
4.27697
3.99121
3.90111
4.23852
4.74121
3.84119
4.09428
4.46635
4.4254
4.34711
4.11909
4.25206
4.07425
4.20551
3.96643
4.4647
4.34096
4.01043
4.11508
4.29593
4.33277
4.25351
4.24486
4.54478
3.83048
4.31874
3.81697
4.07691
4.01695
4.48119
4.21918
4.32666
4.36934
4.73477
4.05829
3.90253
4.00984
4.18661
4.30861
4.10469
4.22929
3.78847
4.25712
4.08249
4.35981
4.01735
4.10667
4.08518
4.27565
4.14783
4.17217
3.95631
4.27457
4.4509
4.37761
4.20357
4.3671
4.05534
4.41403
4.32205
4.14527
3.93031
3.85306
3.65738
3.83519
3.87608
4.09699
3.9905
3.41574
3.85561
3.81373
3.8118
4.01415
3.98778
3.80914
3.8667
3.99022
3.87556
4.18895
3.65356
3.95454
3.71875
3.70414
3.56293
4.05477
4.03927
3.57006
4.01372
3.70083
3.63811
4.08676
3.81151
4.03731
4.14148
4.00892
3.86184
3.68021
3.80662
3.77031
3.60302
3.99749
3.62462
3.68701
4.15537
3.72435
3.43378
3.94112
3.83978
3.50601
3.81016
3.5434
3.98267
4.12279
4.1834
3.80846
3.81358
3.64138
3.59212
4.01761
3.5773
3.80735
3.6927
3.72214
4.00191
4.16041
3.46135
3.69385
3.53278
3.65134
3.70736
3.56541
4.0661
3.95601
4.06738
3.34166
3.79855
3.72475
3.88158
3.91863
3.9545
3.95122
3.80622
4.17092
4.09659
3.60649
3.63096
4.21368
3.82356
3.84386
3.86708
3.97804
4.02684
3.75171
3.8991
4.33294
4.34038
4.21416
3.92923
4.13442
3.96689
4.03648
4.07258
4.08412
4.69887
4.42348
4.57621
3.99918
4.21332
4.15429
4.31541
4.1549
3.9101
4.15423
4.49428
4.63026
4.3637
4.07728
4.32706
4.17285
4.24744
4.0366
3.84664
3.96101
4.3562
4.26574
3.69538
4.38912
4.0981
3.93756
4.36317
4.5545
4.26755
4.2995
4.04831
4.1669
3.89022
4.28249
4.10827
4.21961
4.08169
4.51036
4.1182
4.4653
4.22869
3.76906
4.16442
4.11898
4.03039
4.06032
4.3687
4.22217
4.08369
4.0582
4.12135
4.19108
3.84409
3.88935
4.30439
4.07082
4.30947
4.61948
4.06888
4.17051
4.18167
4.2017
4.28018
4.32081
4.36245
4.03735
4.06183
4.35931
4.00664
3.82836
4.104
3.99102
4.2555
4.1359
3.87495
4.02113
4.47409
3.82866
4.01467
4.52315
3.99007
4.2136
3.86011
3.85853
3.94164
4.13913
4.23943
4.23818
4.33705
4.0047
4.19951
3.85835
4.02738
4.1867
4.10189
3.87182
4.21954
4.11757
4.29348
4.15758
4.29477
3.72915
4.39217
4.03653
3.68472
3.9193
3.91821
4.20586
4.21185
4.14284
4.1099
4.60337
4.12882
4.16144
4.07015
4.34482
3.7249
4.03408
3.8924
4.04063
3.96905
4.44603
3.80299
4.16116
4.20831
3.8483
4.12043
4.12292
3.77029
3.80856
3.57276
4.11579
3.97578
4.18679
4.01937
4.15225
4.13067
3.96825
4.28324
3.34994
3.67446
3.64167
4.1042
4.00549
4.5098
4.19705
4.00245
4.38542
4.14365
4.11335
4.20959
3.93992
3.78804
3.74704
4.08753
4.48692
4.36552
4.24961
4.09921
4.3529
4.5759
4.27201
4.05314
4.08451
3.79549
3.86361
4.09104
3.72506
4.28577
3.68527
3.6966
4.00873
3.72296
3.67338
4.02975
4.30555
3.75281
3.90974
4.00058
3.84717
3.81371
4.12866
3.99994
3.98099
3.66039
4.37685
4.09229
3.7029
4.19986
3.68838
3.83951
4.05516
3.67541
3.46733
3.8583
3.76069
3.81332
3.90609
3.84375
4.00997
4.01595
3.60357
3.93648
3.55607
3.97187
3.47476
4.12514
3.60369
3.88475
4.14072
3.70144
3.87419
4.14675
3.57892
4.05549
3.67257
3.95297
3.89754
3.93331
4.27795
3.65379
3.97299
3.83691
4.02937
3.63032
3.83127
3.87606
3.76825
3.64489
4.00224
3.71808
3.94801
3.9588
3.45078
4.22845
3.90526
3.81273
4.04398
4.206
3.72718
3.60322
3.93509
3.98595
3.89676
4.22974
3.78386
3.84531
4.21769
3.53841
3.55839
3.65965
3.93016
4.20515
4.49182
3.96752
4.35311
3.88437
4.50448
4.04895
4.46662
4.1491
4.16263
4.01238
4.10562
4.18348
4.32844
4.03214
3.73373
4.4126
4.15395
3.79336
4.16362
3.80797
4.47315
4.27621
3.97758
4.34133
4.1636
3.92839
3.91439
4.24714
4.06859
4.13741
3.96347
4.17299
4.2991
3.64754
4.02606
4.0797
4.02553
4.0143
3.92146
3.94458
4.1884
4.33255
4.17709
4.12042
4.2278
4.47496
3.82772
4.0956
4.02902
4.20606
3.99737
3.72009
4.00886
3.62676
4.11562
4.30694
4.51852
4.36574
4.07191
4.33094
3.73949
4.00719
4.16622
4.33219
4.0217
4.35678
3.86373
4.10062
4.17969
3.90198
4.45857
4.10852
4.1966
3.81401
4.30321
4.02585
3.94228
3.94991
3.92857
3.74348
4.45569
4.03318
4.05193
3.91252
4.14324
4.14228
3.93834
4.04627
4.13926
4.486
4.37502
4.21499
4.45576
3.92998
4.28829
4.09154
4.13782
3.8988
3.89058
4.18666
4.17957
3.96832
4.34466
4.25489
4.34042
4.25164
4.29861
4.4673
4.08086
4.46791
4.3991
4.24249
4.21483
4.19468
3.86027
3.78893
3.61375
4.282
4.08177
4.23483
4.0384
3.97085
4.47453
3.79812
4.03484
3.82458
4.48942
4.23918
4.2005
4.01377
3.91128
3.72225
4.12288
4.08466
4.22849
3.99876
3.98411
4.15067
3.82733
3.82312
4.08196
4.22402
4.3716
4.23418
4.18828
4.47065
3.89671
4.00312
4.10242
4.19275
4.25466
3.95958
3.72659
3.92109
4.04247
4.05304
4.31806
4.30188
4.19759
4.29236
3.98765
3.95034
4.39641
3.89563
3.41406
4.04822
3.93719
4.11461
4.3226
3.96541
4.14914
3.71648
4.31307
3.94471
3.99421
3.64432
4.2121
4.30723
3.76745
3.95139
3.86646
3.65846
4.33892
4.52376
4.07014
3.94312
4.03325
3.7755
4.56502
4.18457
4.10938
3.95437
4.1695
3.68579
4.0548
4.06263
3.79785
4.15317
4.08152
4.16152
4.172
4.18476
4.35634
4.26728
3.95426
3.53239
4.39878
3.92671
4.34026
3.58646
3.65865
4.36566
4.00715
3.98024
3.87592
3.85475
4.06587
3.81458
3.61228
4.25499
4.54862
3.79311
3.96572
4.04912
4.07275
4.31346
3.84388
3.95815
3.69293
4.101
3.6057
4.19052
3.86555
4.20037
4.36881
3.85345
4.17494
3.84244
4.31805
3.84889
3.98565
3.77931
3.87663
3.87422
3.78742
3.87964
4.1247
3.70461
4.1763
4.13393
3.98563
3.78839
4.23937
3.74573
4.04402
3.92264
4.37528
4.26148
3.4777
4.07969
4.03452
4.3379
3.9868
3.93742
4.00787
3.84555
4.24917
3.78351
4.14327
4.13311
4.49205
3.94366
4.0581
4.14018
4.01862
4.34976
3.92703
3.71965
3.53803
4.3491
4.23425
4.21824
4.04971
4.02364
4.0974
3.67883
3.89142
3.87457
3.87286
3.68231
4.26373
4.3315
3.70617
3.95788
4.13343
3.94495
3.75164
3.8445
3.70124
4.12621
4.06817
4.38147
3.94383
3.93402
4.05596
3.63759
4.08812
3.95921
4.04953
4.14462
4.26824
4.05589
3.82776
3.91609
3.85456
4.03955
4.27852
4.05648
4.0461
3.82971
3.93967
3.89042
4.01969
3.83958
4.26158
3.98329
4.49129
3.7854
3.45643
4.20956
4.12185
3.68588
4.45719
3.8633
4.26313
4.21933
3.92354
3.92374
4.12823
4.04256
4.05477
3.92019
4.15587
4.04201
4.16446
4.02551
4.02253
4.25171
4.25805
4.15269
4.19284
4.07625
4.18936
4.59716
3.83099
4.0721
4.19937
3.87813
4.15903
3.80752
4.11614
4.28097
4.14874
3.88183
3.83047
4.07884
4.29136
4.06743
4.08014
4.22215
3.50369
4.31902
3.82359
3.80342
3.8625
4.25496
4.25367
3.9714
3.9219
3.43392
3.78355
4.30234
3.86869
4.13437
4.08548
4.27739
3.98372
3.9449
4.03835
4.30431
3.84584
4.25379
4.1834
3.59604
3.98555
3.75089
3.98059
3.69014
4.44567
4.22062
3.78368
4.2238
3.87661
4.10213
4.09282
4.21026
3.71366
4.28901
4.14422
4.0224
4.13905
4.43728
3.90579
3.90302
4.1258
3.94109
4.23698
3.84494
3.58573
3.78628
4.03335
3.88135
4.10964
4.31153
4.27589
3.93276
3.93491
4.04691
4.11429
4.26793
4.06242
4.19731
4.10556
4.40681
4.20003
3.94017
4.30466
3.86288
4.40457
4.01039
3.48456
3.90448
4.46277
3.98416
3.97555
3.86348
4.23891
4.02805
3.70105
4.13805
4.36276
3.86289
4.15694
4.18342
4.11034
4.26075
4.20373
3.82112
4.1793
4.20964
4.06556
3.73074
4.02387
3.95703
3.94161
3.8138
4.01525
3.98083
4.06387
3.78917
4.25125
4.09696
4.37279
3.81405
4.08457
3.91029
3.73333
4.13617
3.67411
3.96589
4.107
4.07825
3.99099
4.227
3.5537
4.07198
4.26498
4.14451
4.37527
4.19587
3.83258
4.21376
4.26927
3.90235
3.64306
4.20461
4.3408
3.91013
4.17645
3.91284
4.03686
4.02902
4.10633
4.3356
4.30287
4.26899
3.93741
4.48381
4.37101
4.34026
4.24439
3.9906
4.16123
4.54518
4.13484
4.38698
3.94689
3.98398
4.16564
4.43892
4.04918
4.18575
4.12048
4.53625
3.88193
4.10549
4.28057
4.08685
4.05187
4.28593
4.25247
4.05039
4.32719
4.37433
4.84816
4.26895
3.7489
4.22382
4.08574
4.13412
4.29232
4.31882
4.34107
4.06698
3.72913
4.13786
4.24425
4.16499
4.60338
4.11694
3.71602
4.24199
4.33108
3.9417
3.82785
3.90216
3.77287
4.10153
3.6329
4.33476
4.27774
4.31797
4.23196
3.78848
3.94927
4.42855
4.30885
4.33763
4.32377
4.177
4.21239
4.27204
3.98874
4.29287
4.49184
4.20863
4.20151
4.1613
4.29966
4.07569
3.92677
4.01146
4.18394
3.8922
4.25363
3.77534
4.12213
4.10432
4.52313
4.12773
3.78869
3.93631
4.44177
4.05797
3.47068
4.19317
3.94788
3.51574
4.25216
4.03775
3.8341
4.31427
4.17252
4.12664
3.70871
4.16167
4.02678
3.79601
4.06726
3.86946
3.99577
3.99646
3.81164
4.25617
3.84722
3.8324
3.96357
3.92309
4.23853
4.35161
3.84019
4.29289
4.13652
4.18498
3.75584
3.84653
3.91359
3.97461
3.59679
3.90708
3.70352
4.35368
4.00011
3.90952
3.693
3.62676
4.17865
4.47494
3.59822
4.09765
3.98237
3.87782
4.04837
3.76638
3.97679
4.34607
4.25681
4.00114
4.10169
4.13174
3.74601
4.44434
3.96079
3.76379
4.38917
4.0314
3.54186
4.16732
3.72762
3.91948
4.33333
4.46795
3.75667
4.13474
4.03387
3.98897
4.48594
3.79907
4.21343
4.18644
4.40056
4.00608
3.95042
4.38767
3.96682
3.9959
4.26317
4.11846
3.84312
4.03399
3.99613
4.17616
3.923
4
3.92946
3.76675
4.21917
4.12969
4.32167
4.06124
4.07938
4.47766
3.54834
3.8605
4.14446
4.14198
3.87028
3.93929
3.90302
4.33328
4.17955
3.94488
4.1221
4.04072
3.98238
3.90371
4.33144
4.25492
4.20356
3.84527
4.20567
4.1994
4.26131
3.80404
4.28099
3.33226
3.75689
4.41086
4.02316
4.07163
4.12543
3.64741
4.21789
4.11045
4.31139
3.57593
4.26264
4.00628
3.95026
4.41346
3.7466
4.00826
4.74618
3.79717
3.93648
4.17144
4.10235
4.12013
4.09353
4.48407
4.13612
4.07588
4.25306
4.4507
4.30219
4.32368
3.91787
4.11582
4.04538
4.19029
4.15972
4.16524
3.78808
4.12606
4.37764
4.27826
4.45877
3.88682
3.88342
3.85973
3.93878
4.1581
3.83281
4.20438
4.31716
4.06773
4.12305
4.09801
4.49146
4.19782
3.81317
4.13477
3.68025
3.91437
4.34505
4.00828
4.44081
3.88492
4.16562
4.18931
3.74291
4.07903
3.96754
3.91263
4.30079
3.92917
4.73652
4.05885
4.04668
3.98346
4.14535
4.27547
3.77701
4.30545
4.23922
4.23421
4.22256
4.02129
4.10519
4.30849
3.85745
4.17903
3.98776
3.838
4.21286
3.99397
4.10891
4.19793
3.88322
3.94378
4.03899
4.18014
3.93609
3.70407
3.86024
4.04916
3.93271
4.34031
3.7654
4.64368
4.20694
4.22072
4.02253
4.02054
3.85082
4.37981
4.35252
4.29964
4.09851
4.3757
4.39075
3.95458
4.06036
4.36239
4.30657
3.86765
4.04622
4.20346
4.25617
4.28469
3.74693
4.38358
4.59426
3.92929
4.2932
3.98946
4.15559
4.16277
4.05622
3.81009
4.43824
4.1207
4.34252
4.23195
4.44725
3.88352
3.82546
4.34841
4.22903
3.90445
4.11766
4.37082
4.36335
4.38788
3.69487
4.35532
3.97091
4.26329
4.08733
4.20304
4.09285
4.34343
4.0571
4.45331
4.07397
4.36764
4.15573
4.39737
3.82953
4.47037
4.31752
4.26393
4.52305
4.21262
3.96816
4.21925
4.06619
4.29777
4.10554
4.06099
4.13495
3.71151
4.29873
3.95847
4.18886
4.10765
3.9471
3.96053
3.87978
4.38693
4.32221
4.10522
4.20079
3.99663
4.29472
3.96452
3.85108
3.90658
3.90212
4.11451
4.11093
3.94273
3.91485
3.72643
4.0878
3.77734
3.69156
4.35496
4.07507
4.04858
3.97641
3.82893
4.38433
3.94303
4.44257
4.16198
3.8442
3.96723
3.99798
3.79262
4.02195
3.96773
3.80727
3.90573
3.82323
4.1595
4.39912
4.04653
4.2391
3.66415
3.87388
4.03
3.86886
4.19376
3.89561
3.609
3.95378
4.13174
3.90155
3.95613
3.92061
3.98122
3.76652
3.88817
4.00604
3.89938
4.07773
4.15302
4.18078
3.72055
3.87372
4.08094
3.89216
3.73791
4.21668
4.23095
4.36096
3.88627
4.13778
4.00694
3.98307
3.92534
3.80507
3.58359
4.32069
4.45295
3.83711
4.13219
3.972
4.02601
4.04709
4.24762
4.0442
4.07381
4.21397
3.85051
3.89195
3.75701
3.79735
3.64155
4.0144
4.01535
3.85508
3.98026
3.96277
4.07682
4.52861
4.06497
4.2084
3.98001
3.80425
4.14936
4.04346
4.18121
3.99623
4.1804
4.25093
3.82069
4.1191
4.30586
4.12584
3.90899
3.96434
3.86925
4.26169
4.189
4.3023
3.87799
3.84308
4.50548
3.84836
3.81456
4.00047
3.97872
3.95626
4.45911
4.2838
4.10288
4.34571
3.934
4.15569
4.78254
3.97011
3.81612
4.51054
3.60556
4.1484
4.30449
4.17111
4.19605
3.87307
4.26908
3.94593
4.10891
4.11494
4.25086
4.51189
4.09743
3.87827
4.31491
4.18881
4.51261
4.09852
4.08906
4.21365
4.24432
4.05285
3.97998
4.35321
4.33534
3.97092
4.07474
4.26243
3.47831
4.33449
4.09518
4.58623
3.95296
3.72401
4.17632
4.06772
3.82821
4.00922
4.22004
3.95107
4.2737
4.33167
3.86593
3.98308
3.86111
4.23012
3.59807
4.01726
4.27567
4.29435
4.31334
3.59523
3.69082
3.69937
3.94621
4.00794
4.42991
4.2452
4.11403
3.99841
4.06956
3.79782
4.33754
4.394
3.97202
4.21552
4.11767
4.40491
4.4999
3.94222
4.01519
4.01724
4.11509
4.00262
4.01484
4.30347
3.96268
4.61426
4.52327
3.99744
4.02453
4.19378
4.34439
4.0779
4.34211
4.17932
4.38729
3.98358
4.39397
4.34504
4.12666
4.29177
4.22664
3.8721
4.01603
3.80817
4.0467
4.20116
4.24387
4.10815
3.80476
4.55705
3.85224
4.2459
3.68562
4.20299
4.04063
4.10923
4.17204
4.03471
4.03609
4.14938
4.11668
3.93735
4.02341
4.2741
3.99227
3.95537
3.91309
4.25174
3.93521
3.95585
4.12525
4.22008
4.49886
3.97343
4.10489
4.28865
3.99943
4.32348
4.48442
3.81583
4.35204
3.97637
3.99064
4.28663
4.14253
4.01631
4.56253
4.14065
4.01637
4.33436
4.05336
4.06609
4.03704
4.12434
3.96676
3.92073
3.7647
3.99317
3.9685
4.19847
3.46911
4.01458
4.42208
4.10823
4.39617
3.79915
4.33436
4.39245
3.96043
3.80995
4.07122
3.92347
4.08599
3.62625
4.21926
3.90502
3.74687
3.73997
4.0589
3.91289
4.21857
3.42541
4.02399
3.98718
4.11711
4.29499
3.9436
4.1653
4.00808
3.98821
4.3588
3.90837
4.13859
3.56572
3.83336
4.14447
3.95914
3.98712
4.24268
4.44917
4.16007
4.09355
4.06097
3.87275
4.05643
4.16291
3.79534
3.65955
4.26184
3.69468
3.72881
3.7006
3.91691
3.68518
3.96489
3.90791
3.54787
4.20903
3.72094
4.36353
4.13651
4.18352
3.79825
4.50234
3.68863
3.93693
4.39351
4.0302
4.35259
4.24049
4.01298
4.19927
4.21045
4.14316
4.30064
4.22311
4.31036
4.11541
4.27525
4.59555
4.20294
4.00382
4.16508
4.48007
3.89237
4.07981
3.98992
3.76243
4.08704
4.06416
4.30304
4.02779
4.40676
3.95596
4.32749
4.23506
4.1944
4.5811
4.49199
4.28438
4.17082
3.79431
4.00546
4.22903
3.80332
3.9178
3.98728
4.16001
4.21227
4.0175
4.5761
4.29264
4.08091
3.74206
4.09721
4.2048
4.36816
4.59046
4.22282
3.95178
4.35493
3.97531
4.10536
4.20872
4.43545
4.02318
4.07206
4.3034
4.15393
4.21531
4.18435
4.0731
4.31609
4.12961
4.08057
4.08261
4.09689
4.23785
3.99373
4.32987
4.38183
4.05121
4.17118
4.26101
4.41502
3.96322
4.04166
4.1674
3.97538
4.26504
4.16621
3.72607
3.86872
3.74509
3.9357
4.01959
4.52264
3.84592
3.90364
4.14572
4.08661
4.47447
4.21737
3.74184
4.22509
4.20938
4.0864
4.02941
4.23425
4.27839
3.93045
3.57092
3.79482
3.92545
4.05472
4.01318
3.7911
4.41118
3.89898
4.01553
3.91534
3.81806
4.02719
4.24664
4.35136
4.24807
3.90265
4.32357
4.13713
3.92836
3.91313
3.77465
3.43204
4.05672
4.16441
4.19211
4.22298
4.1609
4.13795
4.4321
4.2605
4.10709
4.759
4.15595
4.2431
3.9971
4.0175
3.88733
4.29381
4.22795
4.35138
4.06853
3.81218
3.96806
4.48894
4.15603
4.24152
3.85375
4.57564
4.19364
3.92418
3.80189
3.86962
3.95722
4.52306
3.99382
3.90741
4.22004
3.90931
4.14155
3.86842
3.83707
4.17821
4.16288
4.17685
4.19989
3.80797
4.09451
3.8953
4.17411
4.04565
3.89067
4.01868
3.8263
3.48679
3.95431
3.70983
4.13143
4.35411
3.95572
4.0931
4.24161
4.55764
4.03685
3.73841
4.26891
4.19814
4.08901
3.80191
3.55505
4.15805
4.47586
4.38711
3.85574
4.08697
4.17961
4.01625
4.41848
4.41833
3.61156
4.23138
3.94843
3.93308
4.10373
4.32051
3.85892
4.0517
3.82443
4.26449
3.71703
4.40831
4.21074
4.11162
3.87493
4.20936
4.35248
4.36291
4.29187
4.02292
3.82964
3.56941
3.81425
4.1417
4.34901
4.15943
3.91666
4.29434
3.96245
4.00212
4.24038
4.05844
4.07577
4.41533
4.31068
4.58025
3.91742
4.17267
3.89666
3.72865
4.01875
3.9427
4.16295
4.14635
4.18205
3.89898
4.11102
4.25931
3.95863
4.10131
4.31528
3.90405
4.05133
4.33075
4.13976
4.13705
3.85197
4.03533
3.90799
4.20381
4.31854
3.83845
4.18594
3.76433
4.09166
4.01602
3.8346
4.12842
4.1574
4.05172
3.96691
3.90057
4.21713
4.32299
4.42813
4.54371
4.13522
3.99176
4.51767
4.22827
4.13326
4.35731
4.21178
4.10791
4.23582
4.0638
4.02617
4.23169
4.31105
4.06646
4.21014
4.5884
3.97536
4.40767
4.02181
4.05088
4.7251
3.88942
4.59229
4.25296
3.90853
4.42402
4.00064
4.23751
4.07575
4.09536
4.24518
4.12859
4.29574
4.66888
4.51814
4.45553
4.04585
4.01228
4.42027
4.32723
4.36605
4.42871
4.48887
4.22245
4.27912
4.11349
4.19749
4.08623
4.17658
4.29416
4.11899
4.04683
3.89878
4.05761
4.42306
4.52709
4.51523
4.04331
3.91333
4.25122
4.03863
4.70431
4.49303
4.33506
4.16593
4.04278
3.84883
4.20194
4.14586
4.0487
4.42697
4.48442
3.78797
4.21279
3.45145
3.85754
3.98404
4.27446
3.73909
4.41815
4.16337
3.69848
4.15644
4.12166
4.10611
4.38484
3.92678
4.20144
4.37667
4.18793
4.13448
4.26569
4.30418
3.88415
4.10182
4.28848
4.09578
4.31388
3.97478
3.4778
4.47164
3.924
4.29518
4.25688
4.34496
4.04561
4.42302
4.18207
4.52889
4.29072
3.86449
4.0755
3.9102
4.18398
4.17516
4.41114
4.07927
4.48852
4.0889
4.26594
4.51576
4.20266
3.96839
4.53346
4.29003
4.13794
4.21005
4.26831
4.34048
4.31686
3.70142
4.18786
4.01364
4.29483
4.13316
4.1236
4.32813
4.12472
3.88586
4.21709
4.20158
3.93515
4.00274
4.06006
3.8427
4.26092
4.07115
4.01663
3.72752
3.66485
3.93607
3.93353
4.07427
4.11603
4.30049
4.10987
4.06224
3.30167
3.86411
3.76765
3.98436
4.21655
3.91535
3.58547
4.50829
4.03927
3.91217
4.07278
4.01332
4.34346
4.22877
4.19948
4.09099
4.02629
4.04251
3.90977
4.03372
3.68168
4.07338
4.27776
4.32115
4.36512
4.13482
3.77983
4.39579
3.74465
3.94579
3.94727
4.2407
3.81058
4.10448
3.89939
4.2306
4.26059
4.08403
4.53038
3.92224
4.45747
4.00539
3.95519
4.2095
4.29523
4.16155
4.08213
4.29446
4.1828
3.80247
4.44106
4.1061
4.28573
4.15492
4.32353
3.77038
4.07105
3.94003
4.1287
4.4712
3.98231
4.16481
4.04107
4.06589
4.22702
3.96177
3.93409
4.00056
4.1765
4.0476
4.52001
4.38519
3.98824
4.02189
3.77181
3.95429
4.21257
4.12463
4.1475
3.94915
4.45222
4.33092
4.16064
4.10955
4.29028
4.12305
4.05299
4.38377
4.15936
4.11014
4.25184
4.2148
3.81937
4.288
4.1552
3.78792
4.06902
3.95226
4.3905
4.06828
4.09791
4.00514
4.1753
4.46908
4.09103
4.15529
4.01185
4.10399
3.71014
3.83391
4.02603
3.74646
4.26474
3.88927
4.14335
4.02503
4.05504
4.29324
3.69747
4.08933
4.07148
3.73537
4.403
3.97528
3.99397
4.29518
4.19884
4.13469
4.29382
3.94825
4.07426
4.53032
4.24186
3.91321
4.12112
4.05862
3.73529
4.08342
3.55845
3.79756
4.15365
4.14315
4.50181
4.18419
4.24172
3.94446
4.12852
4.09027
3.94436
4.13699
3.7697
4.48548
4.19781
3.83556
3.83794
4.56311
3.59412
3.8737
4.48285
4.49456
4.5985
3.89887
4.20762
4.31409
4.26282
3.76586
3.6734
4.01947
4.22771
4.23743
4.43907
3.85123
3.89569
4.02472
4.0854
3.93298
4.07797
4.05179
4.18562
4.08478
4.08172
3.91838
4.05144
4.19648
3.98117
4.38795
3.73185
3.9438
4.45172
4.08586
4.29226
4.05658
3.72615
4.57443
3.88146
3.84127
4.13776
3.87335
4.32932
4.08844
4.1978
4.0013
4.19127
3.95397
3.84656
4.12758
4.1449
4.16799
4.20741
4.19992
3.94857
4.24951
3.94235
4.88944
4.13577
3.93153
4.10665
3.99272
3.7301
4.25706
4.01066
4.0496
4.04155
4.0736
4.25686
4.25683
4.03592
3.99329
4.02177
4.19061
3.76159
4.10805
3.94519
3.79015
4.06312
4.0015
3.92273
3.94876
4.01178
4.09417
3.96128
4.33447
4.30679
4.55321
3.50146
3.87629
4.10995
4.38177
4.12941
3.85805
4.08255
4.17927
4.11235
4.42836
4.4264
3.70187
3.9267
4.03606
3.85769
4.30298
4.43881
4.57687
4.00713
3.90643
3.98903
4.50017
3.93407
4.001
4.01038
4.06924
3.98198
3.66109
4.28246
4.06178
3.84247
4.27709
4.54314
4.20963
3.75769
4.05649
4.02884
3.79845
4.25021
4.48581
4.17009
3.98376
4.5187
4.16128
4.24308
4.14223
4.51952
3.45849
3.88649
3.99242
3.92124
3.89244
4.06572
4.24805
3.90462
4.43476
4.04271
4.03328
4.59384
3.9322
4.10734
3.99239
4.45773
4.50492
4.19926
4.33761
3.9764
3.95922
3.91967
4.01913
4.00589
3.83435
3.8952
4.12718
4.03576
4.48229
3.98646
4.30051
3.91359
3.85831
3.79929
4.16962
3.80274
4.15013
4.15113
4.04698
3.80885
3.88157
4.48994
4.09009
3.77898
4.02392
4.04749
3.93228
4.35302
4.27116
4.16522
4.16508
4.23857
3.89355
4.11887
3.99423
3.7942
3.81234
3.49686
4.02262
3.76802
4.03282
4.22811
3.65452
4.11383
4.21938
4.19113
3.93746
4.39132
4.04606
4.32647
3.91588
4.02763
4.19335
4.23004
4.21045
3.54411
4.00276
4.18787
4.45403
3.9814
4.31516
3.82853
4.09604
3.8973
3.7767
3.9742
3.86322
4.0363
3.79789
4.10495
4.27382
3.96078
4.29367
3.61805
3.90679
3.79589
4.69575
3.5194
3.65204
4.28145
4.06993
3.85056
4.28736
3.75634
3.85421
3.75332
4.08903
4.58329
4.11013
4.02321
3.97965
3.96255
4.12803
3.94535
3.99412
4.46601
4.30527
4.32355
4.58237
4.02441
3.55882
4.24835
4.14344
4.09273
4.22281
4.19815
4.19985
4.04136
3.94256
4.31428
3.99688
4.13682
4.12155
3.97241
3.76895
4.27126
4.12439
4.07096
3.99328
4.18387
3.94047
4.61736
3.91313
3.98676
4.10438
4.10841
4.3367
3.89258
4.11319
4.2632
4.32336
4.06315
3.70293
4.41629
3.9916
4.388
4.37887
4.21151
4.26563
4.44322
3.9607
4.26576
3.7683
4.43502
4.0815
4.26403
3.89195
4.16448
3.77099
4.02317
4.22122
4.05901
4.2189
4.04325
4.37361
3.86118
4.26605
4.2037
3.8977
3.76692
4.39391
3.77681
4.32333
4.02929
4.04068
4.14849
4.09881
3.86987
3.77166
4.10955
4.58247
4.66442
4.43547
4.48768
4.15623
4.08532
3.73575
4.01274
4.30691
4.19394
4.47314
3.62806
4.16986
3.74293
4.00487
4.13363
4.47552
3.9804
3.97538
4.50789
4.16281
4.33643
4.19246
3.85627
3.745
4.31393
4.24117
4.06874
4.10468
4.08249
3.82671
3.76401
4.08014
3.83918
4.3047
4.0607
3.75566
4.24817
3.66635
4.23544
4.04305
3.98878
4.29339
3.91527
3.98178
4.11779
4.02853
4.13692
3.51922
3.9662
4.19901
3.96014
4.15983
3.99154
4.03293
4.23623
3.75915
4.38971
3.36058
3.86508
3.91991
3.79382
3.81042
4.05804
3.85688
3.78715
3.91618
3.8339
4.02116
3.93315
4.11856
4.26992
3.85385
4.21102
3.71678
3.9943
4.4251
4.28874
4.10833
3.97643
4.52622
4.11563
3.81786
4.04565
4.03199
3.93106
3.84725
3.92032
4.18479
4.19633
4.08924
3.79848
3.72356
3.80382
4.12776
4.37912
4.26241
4.00876
4.12231
3.72231
3.773
4.21292
3.76088
4.042
3.31047
4.21526
4.22671
4.09666
3.94627
4.20269
3.91446
4.42959
3.86665
4.11417
3.94523
3.67074
4.21662
3.95014
3.68937
4.14255
4.00981
3.68239
3.96016
3.88061
3.7866
3.90732
3.61034
3.63413
3.878
4.17154
3.93988
4.78112
4.03953
3.8746
4.19887
3.8678
3.96124
4.37508
4.14002
3.64296
4.20533
4.12769
3.45211
4.20318
4.33157
3.75631
3.95717
3.68411
3.6084
4.52453
3.88183
4.27357
4.41643
3.90841
4.21195
3.98321
3.93172
3.63945
3.58568
4.11305
3.58311
3.6831
3.85176
3.9464
4.77596
4.08056
4.03318
4.29367
4.24787
3.6256
4.03819
4.00904
4.15501
3.88518
3.8063
3.74235
3.69105
4.02722
4.16676
4.10237
4.14257
4.30274
3.73868
4.24238
4.44192
4.16928
3.49428
4.10705
3.68489
4.13333
3.71281
4.13158
3.80266
3.98601
3.87564
4.17443
4.26479
3.8818
4.33505
3.28586
4.03
3.96986
3.99665
4.09751
4.29445
4.1077
4.0901
4.11787
3.85564
3.78211
3.86978
4.14059
4.23076
4.24737
4.29321
3.80908
4.24144
3.83509
4.01782
3.86972
4.45812
3.97449
4.19415
3.72337
4.28388
4.09488
3.82127
3.87506
3.75779
3.63286
4.27583
4.43916
3.73307
3.92784
3.64702
4.20149
4.35036
3.91206
3.79227
4.42108
4.18756
3.64199
3.91714
4.31349
3.58651
4.16129
4.10829
3.73451
4.1761
4.48825
4.06582
3.95467
4.31226
3.84958
3.81598
4.23683
3.90411
4.27895
4.12024
3.73757
4.20399
3.83873
3.80624
3.70405
3.67085
4.29492
4.00067
3.86662
4.21549
3.99024
4.23549
3.72502
4.0373
4.08355
3.87625
4.24103
4.14222
4.05713
3.59154
3.59403
4.08855
4.15515
4.15445
3.92995
4.43283
3.75158
4.1552
4.15172
3.93879
3.68361
4.37633
4.19358
3.93632
3.93171
4.21533
3.82486
3.64512
3.92089
4.26736
4.65692
3.69655
4.06076
4.14941
3.67456
3.97644
3.99283
3.86526
4.29534
3.73829
4.15056
3.92227
4.09385
3.94569
4.12111
4.12148
3.82339
4.37422
4.377
3.99673
4.01848
3.98053
3.95211
3.79741
4.37785
4.21869
4.23484
3.94104
4.25598
3.71832
4.1218
3.95697
4.09269
4.0575
3.48739
4.53648
3.80867
4.18956
4.08017
3.83574
4.15231
4.22599
3.9321
3.97483
3.92196
4.01854
4.11684
4.22333
4.04294
4.25346
3.73407
3.77908
4.19975
4.22544
3.98947
4.05389
3.80797
4.05425
4.23995
4.21465
4.1367
4.04004
4.14551
3.62324
3.92032
3.66256
4.2383
4.67039
3.92727
3.59185
3.90228
3.9617
3.73066
4.00786
3.58611
4.09287
4.13598
4.27885
4.07704
4.17848
3.86692
4.329
4.41881
4.00361
4.58998
4.19571
3.89327
4.49928
4.00079
3.99653
4.41547
3.57964
3.70578
3.84944
3.98404
4.3287
3.82005
4.00104
3.86857
3.94401
3.87631
3.61642
4.13238
3.72746
3.63535
3.93152
3.76264
4.00556
3.9033
4.2177
3.82597
3.96132
3.84946
4.05279
4.20653
3.95511
4.02514
3.74642
3.7593
3.88951
3.89433
3.92663
4.0584
3.77089
4.00717
3.93313
3.73727
3.82969
3.72564
3.99476
3.25907
4.17187
3.89779
3.95752
3.99207
4.25108
3.74412
3.88991
4.05691
3.87908
3.7459
4.1049
3.76728
4.24294
4.49224
3.69571
4.08034
4.55692
3.9774
3.98137
3.9078
4.28105
4.07049
3.88592
4.48309
4.03691
4.41259
4.53388
4.20541
4.05499
4.14469
3.92865
4.2728
4.38896
4.01867
4.16853
4.07069
4.25329
4.42944
4.44535
4.41505
3.89958
4.2553
3.75146
4.08203
4.2286
4.12768
4.30885
3.76194
4.31154
3.77602
3.99488
4.54136
4.15541
4.02646
4.5121
3.76449
3.98538
4.33052
4.30954
3.71036
3.52159
4.11149
4.61263
3.77792
4.27736
4.09958
3.74543
4.07871
4.03286
3.94738
3.51522
3.86838
4.08756
3.81986
3.95519
4.04819
3.85552
4.25033
4.14002
4.0003
3.87515
3.92284
4.19199
4.24986
4.03409
4.38933
3.55968
3.77727
3.83135
4.1009
4.03902
4.11196
3.87186
3.62576
3.74894
3.61749
4.1985
4.45401
3.88109
3.45929
4.2331
3.54202
3.8038
4.28078
3.79002
4.2373
4.57452
4.25812
4.62002
4.24339
4.20467
4.12088
4.74901
4.2099
4.16968
3.70571
4.08066
4.16727
3.88383
4.2623
4.11691
4.14686
4.41414
4.66574
3.97207
3.95977
4.07321
4.06224
3.97143
3.83223
4.56556
3.70622
3.64728
4.24281
4.36737
3.84041
4.35302
4.10283
4.38848
4.47351
4.03202
4.32773
4.80874
4.23321
3.61783
4.38123
4.2002
4.32646
4.32267
4.28035
4.05849
4.00784
3.93865
3.77933
3.84684
3.83688
3.91009
3.83874
3.67784
4.02099
4.19389
3.9737
4.01104
3.62531
3.68923
3.79136
3.80822
3.94981
3.68723
3.93718
3.93761
3.46033
3.89045
4.22244
4.2855
3.78012
3.75325
3.76529
3.44375
4.02575
4.07094
4.18997
3.64389
4.27379
3.79511
4.08935
4.05861
3.6998
3.54782
3.90035
3.72755
3.63029
3.69767
4.1559
4.4082
3.86605
3.949
4.39634
4.27761
4.25016
4.10062
3.8527
4.02037
3.68907
3.9867
3.90954
3.81107
3.88509
4.09012
4.35349
4.00083
3.66607
4.03757
4.19622
4.15337
3.90657
3.84337
4.19055
4.19098
3.98694
3.70282
4.08828
3.74356
4.23018
4.3029
3.96288
4.10096
3.58464
4.16409
4.01308
4.42837
3.7925
3.87625
3.77151
3.88083
4.10434
3.91867
4.32646
3.87859
4.37203
4.45919
4.31212
3.8673
4.04047
3.76166
3.95586
3.65482
3.80074
4.39389
4.16524
4.03568
4.31781
4.17723
4.1742
4.16623
4.12036
4.2374
4.0623
4.11377
4.01405
4.47967
4.49799
4.48527
4.11602
4.18841
4.07468
4.43685
4.12946
4.10112
4.32716
4.09057
3.87136
3.95867
4.12779
4.3614
4.31607
4.01149
3.72974
4.00427
4.04048
3.92912
3.6772
4.37048
3.914
4.11086
3.58457
4.20264
4.36101
4.1059
4.28353
4.13993
4.27487
4.48038
3.71741
3.89056
4.3586
3.72246
4.14843
4.15308
4.28005
4.20797
3.91027
4.36871
3.78444
4.0419
4.10044
3.77988
4.01633
4.04374
4.13863
4.12061
3.97536
3.97578
3.94778
4.01606
4.30356
3.66538
3.83863
4.16938
3.90478
3.79122
4.24095
4.37375
4.24407
4.35902
4.16883
4.40237
4.17835
4.12691
4.12286
3.85457
4.22933
4.31143
4.45908
3.89423
4.0368
3.56889
3.88205
3.83752
4.23053
4.4819
3.9364
3.73379
3.97116
4.16489
4.07907
4.14383
4.57229
3.96871
4.50934
3.87066
4.3193
4.16252
3.94036
3.89918
4.68276
4.29181
4.16579
4.0964
3.97913
3.78345
4.02124
4.23305
4.1933
3.82735
4.86486
4.04493
4.4026
4.3073
4.20165
4.03026
4.3904
3.76979
4.02229
4.30223
3.85825
4.18559
3.9238
4.10421
4.55741
4.12346
3.7772
4.31884
4.07666
3.69174
4.18895
4.30469
4.10289
4.3256
4.33968
4.21462
4.44533
4.17099
3.98618
4.55068
3.92111
4.25
4.55946
3.92474
3.96277
3.87162
4.19408
3.97368
4.12246
3.90375
3.74821
4.01592
4.26425
4.3776
4.58672
3.70265
3.77741
4.07303
3.58781
4.12806
4.15538
4.10146
3.85856
3.87641
3.84994
3.96319
3.54379
4.00644
4.27753
4.02076
4.08297
4.00074
4.23223
3.7679
4.42966
3.94034
3.66271
4.24746
3.64285
3.71209
4.41281
3.78394
4.1342
4.23242
3.90625
4.15487
3.78121
4.19969
4.00565
4.04446
3.96587
4.28238
4.02984
3.8711
3.87598
4.30698
4.06139
4.64857
4.36647
4.26881
4.11979
4.40141
4.13177
4.21433
4.27641
4.29852
3.81152
3.78421
4.11149
4.2639
4.42316
4.32166
4.28478
3.59793
4.39856
4.47314
3.84972
4.35781
4.11599
3.93463
3.98186
4.23649
4.20106
3.74047
3.85178
3.99337
3.87848
4.055
3.7907
3.5296
3.78035
3.92604
4.03207
4.04626
4.17853
4.13218
3.99331
3.81825
3.66252
4.08074
4.13439
3.77664
3.52383
3.82831
3.7818
3.72626
4.35468
4.13881
3.92062
4.16917
4.1246
3.75611
3.88334
4.04516
4.0048
4.06446
4.15827
3.81275
4.26277
3.82998
4.30952
3.75477
3.68857
3.9305
3.92876
4.24848
4.06531
3.94163
3.75671
3.9583
4.3226
3.95047
3.9991
4.02362
4.05333
3.56711
3.91702
3.97781
3.94472
4.29814
3.77688
4.00505
3.77574
4.11296
3.8237
3.8503
4.0066
3.90643
4.09491
4.352
3.67888
3.76719
4.17039
4.11462
3.91111
3.98014
4.56355
3.91495
3.81213
3.93976
4.08981
4.26597
4.25027
4.18779
4.00232
3.81812
3.81897
3.92189
4.01206
3.82074
3.86551
4.10901
4.00089
4.08664
4.22567
4.00275
4.3798
4.00436
3.844
4.03024
4.23038
3.99024
4.19612
3.92063
3.8403
3.7181
3.86867
3.91417
3.9387
4.36768
4.2193
3.98074
3.78303
4.23592
4.24994
4.17847
4.04592
3.66176
3.6745
4.33187
4.12501
3.87351
4.27644
4.2138
4.34379
3.91385
4.19231
4.07612
3.90809
4.11351
4.15241
3.87438
4.28315
3.97822
4.05982
3.82383
3.66337
3.70019
4.04016
4.28461
4.20661
4.33007
4.24103
4.02362
3.77686
4.05857
4.21004
4.19935
4.04515
4.48385
4.04458
4.05286
3.78697
3.99834
3.73005
4.14738
4.24284
4.18912
4.17189
4.09839
4.0197
3.64216
3.71559
3.94431
4.07201
4.48957
3.88108
4.01753
3.43507
4.09292
4.34737
4.15224
4.04684
4.20906
4.01794
4.16272
4.11627
4.2288
4.1301
4.00438
4.27545
4.0141
4.08475
4.07404
3.73985
4.23806
4.07121
3.9374
4.08599
4.20914
3.94262
3.90741
4.27311
4.19147
3.52702
4.52001
3.57582
3.99378
4.00687
3.69626
3.8501
3.70328
4.20079
4.47145
3.4741
3.68054
3.86271
4.20464
4.21965
3.90904
4.26411
4.04414
3.86553
3.68428
3.6189
4.10881
4.02693
4.18802
3.98357
4.50972
3.89257
4.41605
4.68833
4.30648
3.614
4.0789
4.08227
4.01108
3.99619
4.28876
3.98
4.29376
4.3264
4.00364
3.61752
3.75456
3.98266
4.22288
4.134
4.4356
4.26054
4.15577
3.68349
4.17807
4.38102
4.2017
4.37438
3.86683
4.38566
4.14808
4.1596
4.4228
3.9817
4.11972
4.36758
3.91968
4.18382
3.97834
4.15392
4.21661
4.09288
3.89459
4.04926
4.36389
4.34794
4.52499
4.13921
4.36186
4.13714
3.59275
4.00918
3.87096
3.93491
4.32996
4.45232
3.96417
4.27571
4.01957
3.92195
4.40634
4.23981
3.88651
3.96093
4.31255
3.96303
4.24863
4.09057
4.62736
4.07063
4.32169
4.21707
4.65806
4.12394
4.37677
4.48385
4.34477
4.19822
4.23586
3.96445
4.34927
4.46448
4.07913
4.05177
4.47641
4.17793
4.30306
4.31193
4.0558
4.36654
4.50977
4.27977
4.30957
4.36625
4.6029
4.14461
4.3257
4.21113
4.25837
3.80684
3.98908
4.11531
4.31825
4.21369
4.26385
4.01512
3.6192
4.19061
4.19545
4.30175
3.83764
4.28852
4.2655
4.39592
4.13681
4.11052
4.40135
4.10611
3.84886
4.51525
4.03349
3.71356
3.60189
3.82004
3.91291
4.38769
4.04428
3.95695
4.00139
3.9189
3.94083
4.05481
3.73859
3.87069
4.09216
4.08723
3.90709
4.2636
4.17984
4.12859
3.94371
4.10845
3.7834
4.11991
4.12658
3.81418
3.63914
4.04081
4.3271
4.24834
4.0376
3.84135
4.18242
3.81202
4.21552
4.02994
4.10371
3.72145
3.80846
3.70846
4.14369
4.00686
4.23952
3.8084
3.8966
4.35205
4.29605
3.89652
4.0359
3.99072
3.49073
3.828
4.18491
3.79443
3.75243
4.11927
3.73742
3.91586
4.14848
3.93887
3.94179
3.86714
4.32988
3.96694
4.06086
4.22674
3.76164
3.87617
4.25436
3.88727
3.65769
4.07234
3.82043
4.03468
4.31649
4.07856
4.07367
3.96542
3.9914
4.014
4.28089
4.06337
3.82094
4.10276
4.45915
3.92111
4.39341
3.90354
4.20053
3.68803
4.17167
4.2424
3.74464
3.82554
4.02595
3.97232
4.2259
3.98973
4.21121
4.059
3.92584
3.99548
4.29783
4.08551
4.21866
4.27128
4.2177
4.22616
4.35534
4.12073
4.06342
4.12553
3.69991
4.30642
4.1684
4.04857
4.48107
4.10323
3.94195
4.23346
3.96295
3.69644
4.48712
4.36716
3.71301
4.5723
3.83875
4.05486
4.61099
4.03775
3.63772
4.65738
3.82148
3.82407
4.01134
4.13245
4.19228
4.45636
4.44343
3.78156
4.35045
4.06467
3.65697
4.20101
4.3043
4.20054
4.12092
4.76521
4.34002
4.012
4.01025
4.10606
3.82639
3.87534
4.27823
3.85252
3.63147
4.04531
3.65676
4.24578
4.0904
3.85979
4.47123
3.86897
4.06159
4.19769
4.06615
3.9026
4.42445
3.62128
4.07133
3.81201
3.72578
3.84613
3.67187
3.59811
4.28079
4.2921
4.30856
4.38166
3.58425
4.46337
4.39918
4.18783
3.64778
4.0766
4.2122
3.83447
4.34414
4.0679
3.76796
3.70445
4.14538
4.0911
3.88982
4.04688
3.45342
4.27117
4.24939
4.0401
3.88463
3.98037
4.08353
3.97139
3.97784
4.01455
4.08951
4.2012
4.31168
4.04292
4.41296
4.12522
4.27666
4.43537
4.23774
3.64328
4.20026
4.25453
4.33433
3.9687
4.16005
4.19171
4.27041
3.96075
4.12894
3.90622
4.18467
4.36209
4.02994
3.73232
4.12715
4.03966
3.89495
4.34134
4.02689
3.80574
4.02995
4.53223
3.72479
4.22296
4.70411
4.19658
3.91987
4.35689
4.03213
4.17966
3.9797
4.24903
4.05029
4.22947
4.03074
4.38205
4.52097
3.96704
3.93657
4.22387
4.03979
4.00511
3.995
4.13712
3.98562
3.88646
3.91392
3.99993
4.19291
3.70869
4.32123
3.70165
4.00889
4.12439
4.36659
4.08967
4.24671
4.33308
4.1242
3.98725
4.42481
4.3144
3.6615
4.49461
4.06005
3.99548
4.13756
4.03847
3.35725
3.96066
3.781
3.81199
4.21221
4.04152
4.06472
3.95424
4.0621
4.05104
4.02126
3.98195
3.94999
3.69685
4.16634
4.34298
4.18111
4.35769
4.10047
4.17881
3.88232
4.05656
4.44832
3.97034
3.39187
3.6727
4.08993
3.93061
3.62074
3.80025
3.85104
4.07761
4.53228
4.06491
4.57386
4.23291
3.95144
4.0934
3.93215
4.02356
3.83149
4.01665
