9.01881
9.2047
8.98454
9.24784
8.9041
8.90194
9.12292
9.22916
9.18695
9.12257
9.10834
9.36792
9.45532
8.86633
9.53144
8.72038
8.82408
8.994
8.91894
8.96238
9.14822
9.1575
9.07171
8.72567
9.21793
9.29659
8.96901
8.74018
9.06932
9.44303
8.86448
8.95108
8.90966
9.21979
9.4668
9.09199
8.70985
8.74169
9.21489
8.89474
9.18178
9.14955
8.82624
8.83509
9.40686
8.99353
9.11584
9.39425
9.17354
9.39486
9.11428
9.24848
9.29398
9.12852
9.09251
9.54618
8.87495
9.0369
9.33221
9.26743
8.89177
9.38632
9.42091
9.28596
8.86444
9.53232
9.2407
9.16342
9.21986
8.67744
8.77967
9.49359
9.19583
8.94882
9.12022
9.43328
9.07789
9.5589
9.00254
9.25469
9.08776
8.94699
9.12896
9.33993
9.18652
8.89964
9.30529
9.09273
8.80965
9.16974
8.82012
9.41163
8.8762
8.98497
9.03819
8.6967
8.86146
9.52342
9.12506
8.83007
9.04901
9.19702
9.07305
9.31741
9.43989
9.10531
8.97209
9.5921
9.23379
8.91953
9.18718
8.97007
9.5112
9.06054
9.17058
9.06257
9.15707
8.68419
9.10221
8.93511
8.89393
9.11022
8.52723
9.12466
8.96863
8.61578
8.97978
9.17271
9.02447
9.19947
9.0935
9.56103
9.01246
9.14626
9.40112
8.57882
9.21237
9.27227
8.54589
8.82867
8.70461
9.51285
9.06749
9.03052
9.01286
8.76661
8.71394
9.2391
9.30678
9.13395
9.21691
8.9175
8.45449
9.553
8.6995
9.16588
8.88218
9.05379
8.55308
9.07459
9.19417
9.13163
8.99674
9.21356
9.3286
9.0982
9.41277
8.5661
8.90804
8.88093
9.24684
9.19095
8.97074
9.11044
8.85908
8.9173
8.55344
8.63454
9.49525
9.35536
9.40929
9.22864
8.85053
9.10697
9.38126
9.16014
9.30693
9.17665
9.15916
8.75757
9.08215
9.16215
9.13958
8.97649
9.01959
9.09569
9.06467
8.85607
9.21891
9.24716
9.00262
9.44868
9.14432
8.64796
9.36988
8.68797
8.85332
9.57793
9.0987
9.0663
8.93369
9.1865
8.86791
9.23228
9.15819
9.08875
9.23522
9.29619
8.96069
9.2686
9.01827
8.47623
8.94379
9.23882
9.08696
8.94429
8.92166
9.10387
9.46071
9.19097
9.19044
9.22097
8.92642
9.34432
9.19952
9.02846
8.94052
9.34941
9.23636
9.04194
8.94262
9.37572
9.20271
8.99795
9.41468
9.02036
9.20819
8.94271
9.02278
9.07201
9.27049
8.9629
9.23538
9.18091
9.15643
8.94287
8.84378
8.95907
9.46918
9.63998
8.99181
9.06085
9.42671
8.82512
9.0066
9.20683
9.40307
9.27409
9.19653
8.92424
9.54449
9.06969
9.15228
9.18115
9.32242
9.18789
9.16234
9.24545
9.41012
8.52118
9.28373
9.29654
8.73635
8.97364
9.24409
9.3512
8.98827
9.07058
8.98379
9.05351
8.6766
8.73661
9.34357
9.28713
8.75907
8.98702
9.34051
9.49564
9.34737
8.8649
9.52697
9.0461
9.22567
9.36775
9.31238
9.16574
8.68786
9.20824
8.93064
9.29084
9.15983
8.76131
9.09532
9.26296
8.61749
8.81059
9.3812
8.89399
8.66985
8.73148
9.14487
8.8957
8.70282
8.93918
9.51117
9.15773
8.97391
8.97677
8.97827
9.08065
8.95079
8.83287
9.30944
9.13709
8.45094
8.79782
8.82817
9.00511
9.31248
9.29153
9.06461
9.29804
9.11485
8.88668
9.0927
8.80736
9.17557
8.9252
8.92174
8.98713
9.205
8.64725
8.61707
8.94507
8.96515
8.88983
9.01678
9.0034
9.24802
9.31262
9.27559
9.01823
8.77326
8.98336
9.3662
9.24113
9.1498
9.01546
9.20764
8.93335
8.9161
9.08183
8.97056
9.28876
9.25647
8.98947
9.02141
9.34428
9.14764
8.55189
9.17339
8.95503
9.45292
8.7869
8.70989
9.02387
9.11085
8.80088
8.9609
9.01604
9.32614
9.47803
9.35352
9.24632
9.43619
9.1711
8.87145
9.42443
9.26654
8.85226
8.99087
9.20358
8.90907
9.00583
9.16535
9.1501
9.39474
9.83914
9.29767
9.65966
9.39156
9.20936
8.78088
9.13055
9.15808
9.00775
9.23444
9.50484
8.99168
9.24748
8.90115
9.30253
9.02606
8.84292
8.97373
9.18903
8.89151
8.75073
9.27326
9.08329
9.03684
8.94973
9.26121
9.38376
9.18458
9.11606
9.39731
9.29686
9.5982
9.22106
8.89927
9.24198
9.16359
9.21133
9.10697
8.91921
8.61299
9.33011
9.17167
9.26165
9.45494
9.2782
9.21914
9.55415
9.21798
8.98383
9.03723
9.2672
8.77444
9.05854
9.15322
9.01317
9.15332
9.09095
8.92257
9.23691
9.11981
9.31773
9.6091
9.51683
9.54713
8.80779
9.07575
9.14087
9.05588
9.03676
8.85467
9.34854
9.08968
9.13416
9.34209
9.21622
9.22707
9.12255
9.0835
9.35512
9.76392
9.64325
9.15569
9.3622
9.38248
9.05032
9.41732
9.44652
9.59027
9.15969
9.19316
9.34216
9.56357
9.39566
9.25907
9.20339
9.26176
9.07996
9.10798
9.44228
9.14734
9.07109
9.21187
9.52946
9.10996
9.29378
9.21473
9.81019
9.68653
9.16949
9.28895
9.22989
9.20729
9.47507
9.51507
9.08897
9.24139
9.05803
9.37056
9.56866
9.47785
9.2299
9.68458
9.19753
9.55588
9.2966
9.23927
9.2955
9.25742
9.59999
9.02426
9.19023
9.06684
9.28757
8.96458
9.26612
9.72382
9.3402
9.50293
9.39704
9.50841
9.60963
9.27114
8.99448
9.53937
9.31128
9.50973
9.62724
9.29506
9.56233
9.43772
8.87887
8.89407
9.06638
9.48958
9.47344
9.23304
9.66131
9.33264
9.32048
9.39368
8.92935
9.28322
9.03376
9.58461
9.19855
9.32325
9.36858
9.1888
8.96467
9.34159
9.28857
9.0345
9.39518
9.45759
9.28936
9.28734
8.83168
9.41599
9.30659
9.25361
8.87673
9.18049
9.36348
9.21204
9.14516
9.05463
9.62407
9.1798
9.42395
9.32358
9.22003
9.10651
9.15048
9.00216
9.21217
9.60242
8.94302
9.13715
8.89608
9.26789
9.25371
9.38622
8.94909
8.92344
9.54303
9.04465
9.4035
8.83006
8.87661
9.02278
9.27425
9.36644
9.38606
9.22661
8.77911
9.28393
9.03546
9.2028
8.9479
9.11711
9.17617
9.71384
9.09889
9.08074
9.48268
9.08502
9.08858
9.17489
9.20861
9.59569
9.00006
9.31283
9.47647
9.22357
9.07594
9.33871
9.14413
9.17518
9.35678
8.82782
9.17573
9.40129
8.94774
9.33508
9.40462
9.47796
8.71794
9.28835
9.19934
9.12317
9.32975
9.06028
9.40318
9.1249
9.03316
8.99619
8.93714
9.06798
8.95668
9.02617
9.42693
9.21337
8.92198
9.16476
9.01887
8.83282
9.37456
9.82461
9.38453
9.2771
9.01243
9.11536
9.42405
9.52209
9.18424
9.28789
9.20624
8.90383
9.19524
9.20057
9.21329
9.27095
9.36079
8.9006
9.44386
9.40846
9.08219
9.35271
9.44266
9.18403
9.47326
9.40561
9.24764
9.66653
9.28694
9.09855
9.29672
9.21651
9.11539
9.05838
9.58931
9.29496
9.75321
8.96562
9.81477
9.29171
9.41105
9.517
9.13001
9.22486
9.10365
9.0314
9.32213
9.56765
9.41829
9.20165
9.29364
9.70431
8.80768
9.22374
9.01702
9.22607
9.572
9.4553
9.34455
9.07041
9.18136
9.5707
9.50076
9.6001
8.95366
9.1487
9.28223
9.35909
8.9567
9.52869
9.39205
9.16739
9.35528
9.1998
9.29372
9.04592
9.23402
9.05943
8.99747
9.27368
9.35185
9.23948
9.27326
9.50092
9.27961
9.1856
9.54151
9.49691
9.40984
9.60305
9.33359
9.03972
9.457
9.42513
9.24484
8.81015
9.20005
9.20266
9.34277
9.70497
9.44635
9.16925
8.76917
9.27406
9.05429
9.5519
9.23683
9.11817
9.5667
9.12156
9.38822
9.34045
9.3819
9.07631
9.16652
9.34157
9.21621
9.11974
9.29261
9.19313
9.18511
8.86888
9.32226
9.03758
9.30137
9.27929
9.26313
9.52169
8.97617
9.17132
9.40805
9.14275
9.31038
9.31084
9.40819
9.24015
9.10871
8.96539
9.32533
8.99196
9.58638
9.07127
9.01569
9.05726
9.18839
9.50804
9.05673
9.04911
9.09412
9.33173
9.18302
9.37966
9.07777
9.42244
9.2944
8.85516
9.38818
9.29644
9.39008
9.27583
9.18613
8.84354
8.7643
9.39041
9.59058
9.3267
9.24275
9.09092
9.15086
9.65662
8.93246
9.05535
9.13221
9.28024
9.44952
9.58355
9.6205
9.16529
9.30777
9.04268
9.70986
9.31643
9.07172
9.1544
9.08457
9.3425
9.14977
9.04688
8.77875
9.51996
8.80054
9.24578
8.89459
9.61734
9.31285
9.15837
8.76124
9.11054
9.2736
8.76827
9.45254
9.26755
9.26256
8.67401
9.49367
8.92859
9.46959
8.89925
9.2867
8.94108
8.87821
9.36632
9.20234
8.96682
8.82486
9.18691
8.76039
8.80538
9.35545
9.08124
9.4523
8.87792
8.85679
9.20522
9.34166
9.14208
8.75866
8.6548
9.05484
8.85417
9.20161
9.09721
9.10674
9.03278
8.85487
9.1335
9.45817
8.99742
9.35288
8.72789
9.35359
8.90887
9.21753
9.62698
9.33781
9.12289
9.30495
8.78632
9.1224
9.22895
9.04334
9.24599
9.21597
9.15175
9.23275
8.9744
9.18786
8.82119
9.31051
9.51174
8.7251
9.12105
9.45744
8.98145
8.9637
8.68433
8.95264
8.99418
9.09179
9.07347
9.02353
9.31946
9.21879
9.10324
9.58117
9.0017
9.48693
9.28042
9.50611
8.71029
9.19989
9.03203
9.49694
9.72237
9.4241
9.49324
9.36525
9.37509
9.0587
9.03015
9.04553
9.44738
9.24188
9.25557
8.84495
9.31594
9.44716
9.1986
9.17395
9.15965
9.14766
9.34039
9.19199
8.9992
8.86522
8.96161
9.49689
9.21578
9.06793
9.48966
8.93249
9.47341
9.48714
9.06841
9.34076
9.05114
9.02884
9.30956
8.88535
9.49386
9.25207
8.92885
9.21641
9.33767
9.32565
9.29899
9.20167
9.04026
8.95225
9.3648
9.68603
9.53493
9.19362
9.28265
9.07354
9.23578
8.90569
9.21506
9.28045
9.33853
9.28822
8.98968
9.25683
9.05977
9.07175
9.51726
9.58754
9.24419
9.5887
9.4427
9.19676
8.9153
9.25891
9.18311
9.05312
9.23509
9.29349
9.37146
9.3087
9.6024
9.32325
9.50114
9.38842
9.05642
9.25011
9.28333
9.51838
8.88572
9.16063
8.7053
9.32333
9.23594
9.64067
9.48618
9.03137
9.39024
9.0849
9.41019
9.5254
9.12891
9.24759
9.35638
9.34529
9.07593
9.26753
9.51766
8.89637
9.13209
8.93466
8.9442
8.8502
9.35004
9.083
9.06887
9.3385
9.27161
9.39847
9.32335
9.02157
9.42762
9.36298
9.07878
9.00294
8.77104
8.72549
9.48501
9.16176
9.0518
9.40718
9.25637
9.07551
8.97438
8.80462
9.25374
9.2877
9.04505
9.13037
8.96256
9.14017
8.94994
9.20491
9.33871
8.60086
9.28886
9.08459
9.24431
9.26044
8.99886
9.23933
9.10864
8.85189
9.50572
9.46986
8.88543
9.32393
9.22588
9.0787
9.26385
8.95235
8.88568
9.20607
9.35274
8.98531
9.21039
9.28133
9.11325
9.09847
9.40769
9.06026
9.19127
9.29602
9.36115
8.99566
9.01475
9.09807
9.29388
9.07131
9.15055
9.39078
9.44526
9.09097
9.29894
9.27171
9.03247
9.32213
8.82605
9.14895
9.31482
9.67244
8.95948
9.06246
9.27636
9.01578
9.58118
8.90642
9.09332
9.0579
9.48597
8.92428
9.13366
9.35442
9.5357
9.16216
9.36943
9.27469
9.20353
9.07867
9.33167
9.17212
9.12565
9.09241
8.87322
9.29738
9.17717
9.39728
8.87557
8.76195
8.82982
9.40059
9.34171
9.08347
9.56541
9.31625
9.61749
9.36991
9.05835
9.30644
9.01935
9.00824
9.34555
9.13626
8.81455
9.16848
9.47775
8.93294
8.81281
8.66986
9.10809
9.06527
9.13102
9.71764
9.19255
9.30898
9.06674
8.97234
9.13173
9.13986
9.14534
8.85379
9.25006
8.85786
9.26375
9.24737
9.19219
9.3832
9.09577
9.43428
9.25402
9.03993
9.17059
9.33358
8.95812
9.01908
9.28826
9.32119
9.34483
9.27978
8.99417
9.19988
9.0468
9.19909
8.99195
9.32841
8.89365
9.38459
9.34341
9.48941
9.31692
9.47056
9.11331
9.31574
8.80952
9.09781
8.85383
9.12328
8.95706
9.37456
9.12749
9.30351
9.26632
9.38352
9.02264
9.1312
9.26002
9.18659
9.05464
9.30884
9.25187
9.34581
9.1455
9.42257
9.28293
8.9074
9.12211
9.12921
9.15801
9.11194
9.13143
9.17094
9.3631
9.11662
9.47307
9.12508
9.42012
8.85088
9.11972
9.15062
9.13973
9.43541
9.17108
9.14173
9.16746
8.88616
9.24912
9.48094
9.33035
9.2682
9.308
9.21526
9.60215
9.07793
8.99318
9.0541
9.43759
9.3331
9.33439
9.59123
8.85386
9.19984
9.25068
8.95434
9.32205
9.18251
8.84418
9.0648
9.21562
8.80218
9.22393
9.13713
9.28937
9.06761
9.08111
9.47578
9.3455
8.68802
9.45954
9.04594
9.03538
8.99225
8.80181
9.03594
9.31658
9.15413
9.10917
9.03095
8.79791
8.88523
8.6993
9.10428
8.74852
8.73317
8.96157
9.1372
9.01018
9.06945
8.95115
9.1204
9.0351
9.39395
9.02959
9.32792
8.83914
8.66701
9.17747
8.97716
8.85523
8.96412
9.0376
8.61169
8.99371
9.01007
8.90861
9.2
9.13638
9.17073
9.19292
9.25318
9.16049
9.17377
9.07594
9.1971
9.17824
8.77958
9.30535
8.97712
9.20034
8.95906
9.14155
9.04681
9.36849
9.08307
8.98872
9.29335
9.26042
8.8294
8.96822
9.24362
9.17706
9.02804
8.73795
8.87348
8.82757
9.08503
8.89791
8.8752
9.18791
8.89438
9.10932
8.99303
9.55518
9.35475
9.7072
9.39534
9.40442
9.62774
9.21001
9.42274
9.26104
9.24159
9.18146
9.45569
9.50131
8.88941
9.04374
9.30579
9.40523
9.4082
9.34251
9.23244
8.94112
9.59532
9.3158
8.83709
9.134
9.35316
9.17915
9.6461
9.40201
9.38091
9.38
9.29541
9.29214
9.40046
9.1944
9.60206
9.08066
8.90975
9.32863
9.07891
9.68068
9.43951
9.57814
9.21131
8.97033
9.18581
9.33543
9.51919
9.50012
9.46053
9.08992
9.04274
9.16354
9.53251
9.35013
8.75632
9.64577
9.32003
9.27233
9.11572
8.6797
8.95216
9.28922
9.11397
9.52235
9.10306
9.14135
9.36701
9.20713
9.47275
9.13543
9.11523
9.52964
9.25369
9.60757
9.05949
9.47557
9.56501
9.28304
9.4523
8.73413
9.14593
8.7147
8.73097
9.22318
8.95507
9.4515
9.27365
9.31745
8.89514
9.17804
9.03386
8.79507
9.21791
9.06345
9.18377
9.05937
8.91142
9.42779
9.48975
9.00996
9.30515
8.75925
9.16186
9.17108
9.0328
8.89621
9.01768
9.38255
8.98231
9.24775
8.74203
9.71543
9.18998
9.2265
9.06122
9.45317
9.07319
8.84587
9.23543
8.93827
9.41839
8.91359
9.22693
9.06211
9.02646
9.34668
9.39069
9.11148
9.15804
8.77869
8.96438
9.07491
9.16724
9.04979
9.20844
8.92197
9.33421
8.86142
9.07861
8.92629
9.2531
8.97634
9.38992
8.62588
9.1946
9.25209
9.05009
9.11026
9.15429
8.97394
9.08982
9.41779
9.29309
8.69444
9.34593
8.78279
9.35301
8.68318
9.21308
9.11029
8.95013
9.03477
8.66279
9.43911
9.26792
9.00513
9.37026
9.3388
9.27558
9.05561
9.30181
9.06413
9.36275
9.34666
9.00209
9.06309
9.26699
9.12821
9.23547
9.06043
9.33027
9.41067
9.33183
9.67723
8.94515
8.85022
9.05479
8.92014
9.10424
9.19527
8.8624
9.44235
9.07598
9.46962
9.29936
9.18133
9.43085
9.41007
9.28011
9.29085
9.18637
9.32037
9.787
8.98835
9.61375
9.11148
9.46662
9.10571
9.12975
8.79626
9.34613
9.73344
9.30096
9.56367
9.52261
9.35543
9.05592
9.2873
9.69739
9.43869
9.24153
9.13571
9.1446
8.93996
9.46416
9.02266
9.13198
9.29182
9.37762
9.11135
9.18156
9.08189
8.997
9.57546
9.51156
8.88935
9.47034
9.3431
9.18903
9.22692
9.2397
9.26489
9.15001
8.73989
9.25627
9.28308
9.67317
8.83963
9.35329
9.05071
9.18309
9.34632
9.29493
9.26362
9.08017
8.75856
9.10082
9.02228
9.17277
9.25176
9.11529
9.25374
9.49527
9.20089
9.19762
8.83941
8.46233
9.07303
8.77375
9.12972
9.16245
9.22629
9.40432
9.11267
9.1746
9.38212
8.93171
9.2517
9.14228
8.92079
8.99731
9.1636
8.97126
9.15068
8.48106
8.95017
9.08905
9.20587
9.00498
9.3267
8.8354
9.22462
8.91034
9.05105
8.96824
9.21551
9.14179
9.04629
8.56016
9.29201
8.76486
9.08255
9.15409
9.23813
8.7978
8.99675
8.51686
8.85927
9.10744
9.06606
9.0246
8.89416
9.15003
8.87498
9.21505
8.89621
9.18628
8.95989
8.78659
9.38654
8.85752
9.19671
9.30423
8.77977
8.89439
9.13276
9.32736
9.14107
9.21789
9.06498
9.06134
9.38355
8.75511
9.32199
8.78486
9.3156
8.8112
9.31908
9.07811
8.9075
8.80207
9.30591
8.66205
9.71344
9.21442
9.13198
9.44596
8.91112
8.97059
9.04587
8.98432
9.08667
8.97982
8.76806
8.96347
9.0089
9.1156
9.54821
9.1603
8.90866
9.00906
9.22438
9.24528
9.57144
8.98167
9.02314
8.82136
9.33104
9.01307
9.31518
9.27347
9.33172
9.25352
9.38639
8.93136
8.96387
9.47923
8.78686
9.58426
9.16692
9.13861
9.17446
9.00921
9.6254
9.06061
9.158
9.54371
8.99361
9.10246
9.49629
8.91156
9.28751
9.28297
9.19682
9.07138
9.14316
8.98081
9.0215
8.65795
8.96099
8.97882
9.35392
8.99296
9.06296
9.06944
9.04775
9.14335
8.86762
8.93695
9.31449
9.16271
9.02441
9.04554
9.12179
9.00746
9.33672
9.15066
9.52704
9.19815
8.94669
9.25961
9.34443
9.19695
8.62136
8.90605
8.85236
9.19633
9.00161
8.92139
9.02351
8.91426
8.91319
8.80657
9.20364
9.07073
8.5487
9.21163
9.18924
9.36561
9.24961
8.71031
8.69131
9.33266
8.8668
9.20669
9.01225
9.13771
9.17467
8.88645
9.26599
8.76438
9.16619
8.96559
8.71348
9.26149
9.2298
9.02817
9.32102
9.4098
8.61028
8.99327
9.13937
9.31824
9.27618
9.33842
9.11227
8.88776
9.30411
8.96618
8.71476
9.12734
8.69917
9.1559
9.28622
8.96067
8.80965
8.64782
8.81547
9.36954
8.76809
9.1168
9.17999
8.87787
9.20562
9.1349
9.21942
9.00334
9.65941
9.4032
9.28952
9.28208
9.06096
9.25735
9.17651
9.11504
9.29095
9.49702
9.49305
9.15008
9.10136
9.34109
9.14365
8.62072
8.93653
9.30044
9.21242
9.15821
8.90949
8.91756
9.23695
9.37782
9.17204
9.6002
9.4709
9.43418
9.44027
9.19739
9.17824
9.22321
9.18936
8.90007
8.92613
9.63605
9.11425
9.334
9.35473
9.23074
9.11666
9.11624
9.10644
9.27722
9.42586
9.47735
9.26978
9.20838
9.54154
9.28845
9.62443
8.9911
9.23457
8.99615
9.13775
9.63573
8.97312
8.83879
9.40009
9.16897
9.57434
9.72144
8.71276
9.28298
9.53165
9.18769
8.91924
9.20992
9.38457
9.56526
9.4447
9.37684
9.38647
9.01237
9.34696
9.14119
9.13872
9.11506
9.18557
9.20052
9.5504
8.68496
8.96701
9.27412
9.26256
9.05974
8.76174
9.14404
9.13724
9.45254
9.09133
9.2007
8.79905
8.77395
8.99573
9.3621
9.47557
9.05727
9.66492
9.32799
9.10663
8.88692
9.06132
8.98743
9.41695
9.54903
9.22427
8.71042
9.22835
8.69699
9.19825
8.60407
9.32332
9.23369
9.12599
9.40057
8.72493
9.68041
9.4698
9.46758
9.46182
9.46806
9.21216
8.98508
8.71474
8.97608
9.09819
9.02098
9.53134
9.07709
9.23687
9.20259
8.83702
9.10481
8.98926
9.26145
9.59473
9.1604
9.02393
8.88513
9.2243
9.51174
9.15466
8.91534
9.11847
8.94335
9.21236
9.16546
8.94471
9.28489
9.16573
9.22054
9.15102
9.02733
9.44652
9.64204
9.60495
9.43372
9.41657
9.04893
9.41503
9.14504
9.60128
9.31041
9.55871
8.98923
9.26164
9.49932
9.22163
9.07853
9.19629
9.04631
9.36671
8.97206
9.36357
9.2239
9.24121
9.494
9.5374
9.3225
9.76003
9.72594
9.35139
9.25249
9.31156
9.72275
9.81365
8.85205
9.07188
9.78054
9.25179
9.35279
9.16202
9.70596
9.08949
9.72852
9.22357
9.54992
9.54127
9.2072
9.1561
9.67236
9.2618
9.34925
9.54771
9.08909
9.66783
8.88217
9.32624
9.16891
9.15649
9.53476
9.47888
9.41761
9.29826
9.50883
9.31519
9.67786
9.12687
9.27168
9.12145
9.41625
9.15738
9.12144
9.53308
9.60589
9.37179
9.30434
9.02235
9.33325
9.21909
9.16262
9.46407
9.24306
9.19348
8.94329
9.05525
9.14057
9.16299
9.67801
9.25593
9.47609
9.13187
9.33008
8.8822
9.35345
8.84522
9.36003
9.01114
9.32225
9.07595
9.202
9.08632
9.227
9.00611
9.38762
9.35821
9.34129
9.26112
9.34936
9.17467
9.50843
9.58056
9.33199
9.1657
9.10285
8.85129
9.33715
9.4582
9.43571
8.98814
9.46963
9.24624
9.47922
8.89549
9.42307
9.02879
9.10651
9.34345
9.21475
9.28133
9.19103
9.33679
9.34192
9.7137
8.95782
9.48693
9.33715
8.97452
9.18822
9.05539
9.28034
9.19551
9.08476
9.22675
9.47774
9.02128
9.33507
9.32381
8.7661
9.24323
9.20046
9.30695
9.06519
9.75838
9.25603
8.95443
8.9247
9.1914
9.38038
8.68199
9.10303
9.01679
9.41695
9.10214
9.33688
8.96194
9.26983
8.86117
9.14976
8.95189
9.05029
9.10401
9.09792
9.41405
9.34406
8.95069
9.06723
9.30533
9.1887
9.54264
8.95108
8.75933
9.15466
8.71079
9.35574
9.15889
8.95681
8.91759
9.19902
8.64383
9.19886
9.18645
9.00358
9.23263
9.55147
9.35051
9.37712
9.48551
8.82409
9.01683
9.30125
9.48684
9.03647
9.29771
9.15437
9.24878
9.12673
9.26926
8.83369
9.4404
9.33876
9.20723
9.33698
9.44151
9.45619
9.48497
9.35804
8.84138
9.62495
8.72739
9.18567
9.09554
9.40076
9.30772
9.00641
9.16197
9.12266
9.08794
8.7693
9.23468
9.3494
9.19687
8.80251
9.08771
9.28422
9.60564
9.22366
9.43745
9.06762
9.45053
9.39337
8.85954
9.09982
8.84939
9.23241
9.25929
9.10777
9.00539
9.55803
9.4731
9.31034
9.32545
9.44571
9.09436
9.18517
9.34877
9.03708
9.80017
9.42641
9.24634
9.40623
9.38819
8.95126
9.15537
8.9223
9.59936
9.0102
9.58632
9.25221
9.41508
9.05358
9.44382
9.62913
9.26874
9.20414
9.59645
8.94988
9.31878
8.87477
9.28387
9.17333
9.27568
9.43587
9.13281
9.61252
9.28431
9.16261
9.31888
9.75993
8.93068
9.33332
9.24312
9.54846
9.35579
9.17708
9.64634
9.20054
8.91827
9.1313
9.55627
9.28611
9.11678
8.44659
9.65886
8.82242
8.7405
8.94549
8.91234
9.23091
8.91782
8.46026
8.65106
8.83879
9.05634
9.04612
8.91931
8.85032
8.91782
9.07708
9.02014
9.10993
9.22121
9.39126
9.35296
9.36793
9.16888
8.96669
8.74399
8.55572
8.95031
9.00138
8.99785
8.95444
9.22586
9.1723
8.94964
8.94471
9.11146
8.75995
8.93686
8.84955
9.30004
8.86756
9.35385
9.23621
9.26203
8.93924
9.49185
8.8871
9.03752
8.90285
9.36561
9.23956
9.05812
9.23479
9.33087
9.34324
9.14409
9.12863
9.28618
9.15956
8.80433
8.72833
9.00146
9.10708
8.7997
9.13473
9.11267
8.97394
8.5771
8.93552
9.51387
9.3187
9.27651
9.45085
9.06653
9.05135
9.01706
8.99026
9.31203
9.05883
8.97842
8.86116
9.35235
9.06603
9.10184
8.89505
9.07182
9.04568
9.04386
9.47202
9.34182
9.28558
9.09066
9.39967
9.37571
8.97992
8.96523
9.31153
8.97994
9.27963
8.84318
9.02395
9.21353
9.29829
8.94
8.66418
9.05339
8.87286
9.0897
9.42138
9.29713
9.14808
9.03767
8.68516
9.03388
9.34253
8.88276
9.23657
9.06677
9.37506
8.97009
8.85842
8.79654
9.13786
8.94751
9.26337
8.90404
9.09205
8.29982
8.78596
9.13269
9.21326
8.84419
8.97823
9.26108
9.02378
8.76687
9.41073
9.258
8.89244
8.7805
8.73602
9.0381
9.49702
9.08088
9.25675
9.12869
9.2072
9.19392
9.21499
9.01203
9.07077
9.02377
9.12303
9.4221
8.97522
9.34101
9.2216
9.27138
8.95836
9.24677
9.09336
9.34693
9.29153
9.38193
9.47584
9.11983
9.29506
8.93095
9.29646
9.16458
9.41106
9.1257
9.56417
8.71916
9.16405
9.2287
8.96025
9.59172
9.23177
9.38799
9.17524
9.61499
8.77826
9.34667
9.51199
9.28619
9.37913
9.02555
9.06113
8.87887
9.73071
9.43965
8.73486
9.07838
9.01532
9.16743
9.0586
9.11656
8.97512
9.22318
8.78076
8.75582
9.06079
9.03458
9.17919
8.70553
8.98032
9.10181
9.01908
9.04902
9.50639
9.34985
9.09437
9.28038
9.45708
9.30187
9.47045
9.38576
9.3332
9.01996
9.22029
9.16291
9.12032
9.14348
8.71248
9.07134
8.99629
9.1396
9.4316
9.40478
9.47685
9.17468
9.71601
9.06744
9.26941
9.14647
8.85614
9.69364
9.0854
9.09033
8.77032
9.22866
9.23437
8.97537
9.35411
9.21176
9.65021
9.29714
9.25489
9.1847
9.09549
9.33429
9.57962
9.30857
9.29807
9.47764
8.68307
9.20019
9.10114
9.1527
9.07321
8.88087
9.4479
9.20194
9.4611
9.68385
9.27496
9.23358
9.41273
9.33546
9.59182
9.47933
9.13697
9.39408
9.31528
9.15918
9.32667
9.01611
9.45945
9.19556
9.17867
9.3212
9.00782
9.14342
9.17171
9.07633
8.70315
9.24384
8.96162
9.12057
8.72002
9.13149
9.32908
9.10092
8.91738
8.99073
9.18283
9.48293
8.84873
8.90833
8.96961
9.2039
9.37167
8.97225
8.79945
9.37316
8.96097
9.10411
9.12874
9.07678
8.91237
8.66652
9.20609
9.13672
9.35582
9.38363
8.83675
9.01022
9.2767
9.03875
9.13314
8.90869
9.17761
9.28969
9.14542
9.07938
9.10939
8.86101
9.07239
8.80547
8.86748
9.18283
9.04765
9.61259
9.11305
9.14865
9.5941
9.138
8.66463
9.06758
8.86092
8.98596
9.1879
9.13203
9.20834
9.00284
9.20952
9.0407
9.23499
9.03431
9.35703
9.20645
9.22499
9.01095
9.20305
9.59567
9.0648
8.92029
9.10576
9.06417
9.02054
9.18226
8.95226
9.24878
8.89528
8.78561
9.50181
9.32006
9.21574
9.43959
9.00063
9.10297
9.16078
9.05346
9.19203
9.38567
9.32362
9.09135
8.84558
9.17953
9.55655
9.22551
9.32017
9.13018
9.49135
9.28976
9.33426
9.0398
9.4118
9.26977
9.40766
9.03206
9.36426
9.20113
9.36728
9.39283
9.20419
9.3047
9.20815
9.40609
9.26645
8.99232
9.16237
9.42604
9.08524
9.25454
9.15586
9.26957
9.32987
9.09245
9.19774
9.24916
8.80979
9.07306
9.06973
9.44468
9.15293
9.23991
9.27729
9.50343
9.11731
9.43539
8.88374
9.10662
9.16921
8.7527
8.89677
9.43773
8.96633
9.07527
9.13901
8.87119
9.17376
9.30603
9.18728
9.67909
8.95026
8.79851
9.44246
9.12896
9.30763
9.04504
9.03998
8.64726
8.97198
9.0627
9.22921
9.25138
8.77812
9.34551
9.20241
9.39391
8.63298
9.48497
9.27444
9.05618
9.18854
9.0199
8.82771
8.95886
9.13248
9.20718
9.02982
9.00962
9.08674
9.46278
9.11294
9.23568
9.19462
9.16324
8.80898
8.86175
9.09062
8.77337
9.30729
9.14682
9.2498
9.31466
9.38642
8.89382
9.31813
9.57033
9.29315
8.90374
9.43907
9.31694
9.53217
9.25043
9.52591
8.9628
9.48961
9.35041
9.8249
9.39281
9.20838
9.46724
9.38407
9.64138
9.67429
9.29617
9.39103
9.34533
8.93947
9.5126
9.03954
9.51545
9.40628
9.54779
9.19278
9.34987
9.10093
8.89228
9.45226
9.5079
8.97472
9.43586
9.10314
9.30401
9.45665
9.70287
9.35865
9.27666
9.23633
9.12215
9.3729
9.21358
9.11414
8.9253
8.9881
9.29948
9.54716
9.57071
9.32798
9.05587
9.50397
9.07183
9.0088
8.97764
9.56396
9.30167
9.29218
9.21096
9.38428
9.03028
9.25536
9.2943
9.64512
9.15212
9.00809
9.2354
9.27871
9.24196
9.04489
9.21293
9.36962
9.21705
9.22081
9.05163
9.3581
9.05701
8.91546
9.3303
9.01056
8.93077
9.41057
9.18516
9.48785
9.43011
9.30188
9.45619
8.77694
9.29175
9.20081
9.43306
9.31623
9.35668
9.17885
9.07033
9.19289
9.32631
9.1684
8.65803
9.13739
9.64919
9.17078
9.23502
9.08513
9.10533
9.009
9.28177
9.41367
8.80335
9.30822
9.17753
9.53879
8.99534
8.92765
9.15758
9.3789
8.85553
9.11257
8.89948
9.12271
9.37083
9.01498
9.42868
8.81559
9.22699
9.56735
9.2165
8.96486
9.14603
8.9871
9.08367
9.15536
9.18226
8.7836
9.0615
9.23218
9.53106
9.2254
8.92127
9.23746
8.94079
9.55813
9.16636
9.10953
9.28493
9.12509
8.62512
9.58689
9.17467
9.23906
9.41913
9.13357
9.05385
9.19327
9.35645
9.40977
9.60059
9.1898
9.29745
9.38605
9.19694
8.97635
9.20596
9.1798
9.3431
9.21539
9.29679
9.13544
9.22822
9.20945
8.92756
9.26499
9.1139
9.14946
9.43693
9.05879
9.25348
8.95162
9.78301
9.20919
9.33803
9.09593
9.40051
9.20881
9.30532
9.0947
9.26185
9.34956
9.65593
9.51421
9.23637
9.11109
9.01216
9.11988
8.75333
9.25181
8.85462
8.99839
9.18512
9.13707
9.05639
9.22227
9.26876
8.81102
9.32319
9.07562
8.96479
8.72579
8.56939
9.28361
9.303
9.25863
9.02958
9.13391
9.02383
8.87104
9.19035
9.14636
8.69919
9.44338
9.13063
9.00115
8.89745
9.07715
9.02387
9.13907
8.98273
9.22025
9.04419
9.5263
8.91661
9.11125
9.25094
9.09471
9.10506
9.02198
8.82436
9.62601
9.2801
8.80975
9.3909
9.35115
9.00742
9.02647
8.93402
9.47534
8.92079
9.02319
9.17106
8.83232
9.0142
9.02661
9.24748
9.21438
8.86762
8.72631
8.87315
8.7617
9.23794
8.61611
9.02493
9.06633
8.90741
9.13776
9.08674
9.52567
9.02193
9.00695
8.64588
8.52699
9.10997
8.87778
9.12213
9.02875
8.85749
9.14679
8.93691
9.36953
8.79049
8.94871
9.20581
8.99612
9.16642
8.9832
8.74165
8.77556
9.10811
8.91035
8.881
8.76587
8.84323
9.00784
9.07188
8.95957
8.81582
9.01029
9.15
8.96225
9.31149
8.51176
9.26975
9.09855
9.21054
9.36536
9.19746
9.4983
8.90368
8.86051
8.62729
9.16633
9.03836
9.18404
9.08452
9.02541
8.88636
8.86087
9.29576
9.04054
9.2594
9.26384
9.32723
9.40628
8.9157
9.27473
9.34248
9.45604
8.78101
9.04709
9.10542
9.21996
9.16502
8.9156
8.95308
9.29121
8.9774
9.27566
9.2449
9.23956
9.14271
9.3418
9.16499
9.22336
9.11265
9.36651
9.00592
9.07254
9.08743
9.13373
9.22681
8.73837
9.37607
9.28837
9.14714
8.88457
8.72505
9.06847
9.37893
9.08572
9.55935
9.11846
8.79547
9.06637
9.18899
9.22048
9.14868
9.32381
9.29109
8.91484
8.79074
9.2135
9.37927
9.16787
9.24579
9.15209
9.15602
8.96884
9.0341
8.96302
9.10508
8.68281
8.9093
9.02916
8.98997
8.92837
9.37399
9.14777
9.20889
8.89412
8.79853
9.27924
8.56774
9.30935
8.9167
9.23535
8.83733
8.95132
8.79757
9.40035
9.12643
9.28261
9.3233
9.00878
8.94027
9.1021
8.86442
9.34157
9.10322
9.25507
8.84425
9.00397
8.70853
8.66864
9.02124
8.67717
8.94295
9.06304
9.65706
9.07597
8.97231
8.91413
8.67932
9.18951
9.03226
8.93298
9.00854
8.98556
9.02293
8.98972
9.42519
9.13246
9.29619
9.16216
9.02794
9.29296
8.89511
9.34419
9.33206
8.9483
8.93459
9.34507
9.05883
9.25684
9.07519
8.98675
8.93169
8.91929
9.14524
9.50231
9.09605
9.16678
9.04618
9.39333
9.03385
8.82772
9.00705
9.16228
9.07819
9.3897
9.31884
8.94464
9.03424
8.9485
9.11541
8.75281
8.75124
9.21321
9.07235
9.06797
8.61815
8.89146
9.20239
8.95825
9.19767
9.2156
9.00459
9.21106
9.30768
9.10821
9.44749
8.67648
9.15203
9.14395
9.07813
9.56739
9.09736
9.1576
9.40157
9.35835
8.93453
8.85358
9.25889
9.33659
8.82576
9.02913
8.73727
9.14466
9.09276
9.04376
9.48843
9.1175
9.47372
8.90907
8.8749
8.87036
9.43739
8.7902
9.24765
9.40748
8.81434
8.94179
9.09485
8.92925
8.95983
9.16369
8.97004
9.00952
9.50492
9.07816
9.01913
9.15771
9.32642
9.27469
9.22137
8.92645
9.32279
9.03636
9.32517
8.83462
8.91176
9.17764
8.98641
9.25982
9.09528
9.23004
8.96426
9.11554
8.93233
8.98228
9.17421
9.19727
8.66582
8.83486
9.01268
9.4962
8.96533
9.12643
9.0188
8.78163
9.20069
9.25951
9.09994
8.92621
9.35447
8.92619
9.28875
9.29277
8.76069
9.00033
8.87167
8.86901
9.31836
8.8852
8.76079
9.06335
8.71334
9.17699
8.80219
9.48228
9.10483
9.15343
9.12895
9.01497
9.29153
9.26896
9.0966
9.35005
8.76803
8.89779
9.20411
8.96875
8.94899
9.01737
9.23185
9.1382
9.01418
9.09127
8.90341
9.06923
9.10933
9.04782
9.14367
9.14458
9.21965
9.20073
9.13687
9.22085
8.89368
9.11465
9.15856
9.17806
9.12157
9.30448
9.10784
9.09396
9.05554
8.84974
8.86212
9.34995
8.94578
9.30621
9.14573
9.46625
9.09384
9.22339
8.69278
9.12663
8.66146
9.25839
8.85147
8.88636
9.11969
9.08698
9.18912
9.19477
8.9953
9.04855
9.21308
9.08648
8.79876
9.09423
9.47803
9.4804
8.77984
8.97849
9.02126
9.08765
8.75091
9.37648
9.40218
9.31515
8.74202
8.79161
9.47328
9.55835
8.87425
9.34734
9.21718
9.29246
9.04041
9.16351
9.43609
9.05341
9.13208
9.05659
8.86163
8.90816
9.10633
9.57845
9.18181
9.04951
9.42127
9.26765
9.16865
9.38473
9.64067
9.1347
9.28385
9.23553
9.30969
9.11969
9.29411
9.27833
9.4362
9.22177
9.05149
9.09891
9.18973
9.55701
9.29969
9.56247
9.27406
9.33529
9.53526
8.89653
9.22681
9.26274
9.17074
9.50448
9.33918
9.19002
9.32745
9.14732
9.13816
9.08423
9.59202
9.32572
9.53572
9.745
9.00847
9.39027
9.49018
8.93544
9.29596
9.62428
9.01486
9.37832
9.16501
9.33342
9.48464
9.02267
9.6607
8.84949
9.78405
9.18397
9.27511
8.88405
9.12712
9.36286
8.80747
9.14779
9.1248
9.17203
9.06899
9.18723
9.36972
9.07328
9.1078
8.98178
9.02453
9.13602
8.87629
9.5437
9.34633
8.95921
9.45097
9.15727
8.98993
8.86087
9.19409
8.84759
9.18124
9.14906
8.76595
9.22069
9.07696
9.03159
8.92098
9.27541
9.2542
9.32204
9.21395
9.27571
8.81868
8.99018
9.06389
9.05149
8.82936
9.41333
9.70656
9.29126
9.12304
8.93446
9.23885
9.2286
9.33083
8.69534
9.49754
9.14819
9.3437
9.24092
8.78169
9.27545
9.1157
8.95612
9.27281
9.21689
9.20367
9.03738
9.04688
8.76275
8.93341
9.46333
9.63149
8.92357
9.62711
9.16012
9.15228
9.24732
9.1008
8.85011
9.22957
9.42039
9.20575
9.13738
8.966
9.01386
9.41224
9.51954
9.13794
9.17299
9.29651
9.2579
9.30485
9.34275
9.00827
9.375
9.48173
9.34476
9.18996
9.45921
9.25876
9.26714
8.9494
9.1686
9.6523
9.15613
9.56235
9.36085
9.20402
9.21554
9.53224
9.14418
9.13171
9.18638
8.71421
9.28013
9.13202
9.18359
9.26538
9.32116
8.85416
9.28317
9.21382
9.41595
9.43993
9.31526
9.63733
8.85106
9.25383
8.89394
9.45554
9.12845
9.61486
9.59604
9.54832
9.46623
9.18987
8.88173
8.91005
9.03947
9.30207
9.45931
8.88541
9.06505
9.13913
9.07169
9.14753
9.28553
9.06783
9.26911
8.96848
9.16415
9.72642
9.27073
9.06039
9.1509
9.39817
8.93216
9.19011
9.16219
9.25567
9.04136
9.07555
9.1468
9.00476
9.06028
8.71103
9.03894
8.87511
8.287
8.8943
9.11627
8.9163
9.31775
9.36154
9.15952
9.08718
9.1967
9.25912
8.78533
9.04717
9.28766
9.23852
8.87038
9.02801
9.2072
9.17113
9.3911
9.21977
8.9909
8.92056
8.86928
9.65212
9.06952
9.0442
9.05961
9.33759
9.18267
9.16942
9.08062
8.82857
9.00555
8.69149
8.90773
9.13695
8.76325
9.15944
9.07814
9.1793
9.42665
9.38306
9.35029
8.83828
8.74644
9.58999
9.20701
9.3746
8.97897
9.26888
9.21612
8.94712
9.16651
9.16845
9.33517
9.32308
9.35969
8.98684
8.94441
9.05391
9.24856
9.3509
8.77148
9.35217
9.04277
9.38008
9.16242
9.13536
8.96167
9.11197
9.27935
9.24916
9.4788
9.44678
9.07107
9.41712
9.1262
9.16197
9.69625
9.34195
9.66593
9.69023
9.5001
9.02633
9.43262
9.41006
9.35634
9.44858
9.01188
8.98056
9.43754
9.28093
9.31329
9.33794
8.94838
9.29648
8.97883
9.33662
9.31654
9.37377
9.50669
9.56435
8.91321
9.52393
9.34625
9.38384
9.11371
9.39946
9.46405
9.54043
9.12775
9.12659
9.03797
9.39163
9.3147
9.22512
9.42018
9.37553
9.31403
9.17474
9.47569
9.41504
9.03432
9.35231
9.4671
9.10533
9.00398
9.14091
9.01103
9.41269
9.41677
9.01906
8.89637
9.33181
9.09892
9.49234
9.35045
8.94902
9.42672
9.01434
9.26295
9.02064
9.01621
8.84718
8.96149
9.19554
9.3501
9.61898
9.42366
9.23764
9.52697
9.18035
8.96212
9.2113
9.10326
9.07027
8.85811
9.18588
8.97309
9.02122
8.84162
9.20812
9.33417
9.3328
9.2609
9.58431
9.27495
9.01243
9.26109
9.24704
8.97891
9.34514
9.46974
9.00333
8.65995
9.05286
9.10745
9.0228
9.05285
9.37082
9.30247
9.19229
9.15101
8.58765
9.26448
8.82968
9.97068
9.29416
9.30467
9.19544
9.20049
8.95388
8.90079
9.54527
9.00424
9.00191
9.45109
9.24816
9.27452
9.04706
8.90956
9.05288
9.00484
8.95371
8.9948
9.10066
9.19002
9.12204
9.18151
9.09423
8.92312
8.91665
9.24007
9.18581
9.37126
9.08441
8.90668
9.46906
8.98431
9.33
9.01654
9.38349
9.05897
8.75956
9.30362
9.22684
8.84107
9.05087
9.0357
9.25433
8.55371
9.34681
8.88281
9.12103
9.14846
8.9618
8.68204
9.04956
9.26365
9.0132
9.63857
9.40503
9.14429
9.37199
9.0066
8.98239
9.00624
9.18294
9.10888
9.12201
8.69968
9.08881
8.99132
9.24785
8.9279
8.81275
9.26066
9.15992
9.21776
9.44258
9.13166
9.05001
9.28021
8.94567
9.04956
9.26329
9.34258
9.30424
9.05048
9.08541
9.543
8.97634
9.46682
9.3776
9.29106
9.30786
8.97254
9.04856
8.83436
9.04991
8.76807
9.03062
8.85166
9.00063
8.93483
8.88875
8.68066
8.88706
8.565
8.48041
9.06279
9.08868
8.61452
9.28763
9.00686
8.95971
8.87987
9.03775
8.94281
8.90527
8.92275
9.07269
8.84928
8.85904
8.96071
9.14347
9.24216
9.07579
8.9504
9.04766
8.94663
9.09524
8.86614
8.84297
9.12655
9.0503
8.86956
9.20662
8.73638
9.20642
9.55436
9.4407
8.84502
9.49715
9.3882
9.14943
9.32866
9.64091
9.64212
9.38127
9.59804
9.19665
9.28016
9.35023
9.4717
9.20579
9.5135
9.15573
9.35071
9.3203
9.66505
9.29181
8.83862
9.52644
9.32533
9.6569
9.28397
9.18973
9.43126
9.69839
9.20743
9.04433
9.28882
9.50913
9.38595
9.36717
9.26183
9.19943
9.50047
9.69021
9.46195
9.44817
9.15026
8.96874
8.69726
9.0331
9.03839
9.1743
9.19786
8.86865
8.98786
9.0675
9.20545
9.20847
8.8553
9.08742
9.0121
8.8326
8.92065
8.62805
9.08968
9.04998
8.92784
8.83555
8.89558
9.29155
9.13514
9.2813
9.32957
8.91969
8.9568
9.013
8.96477
8.99856
9.07797
9.17648
8.90578
8.97868
9.05894
9.27761
8.85135
8.8322
9.06355
8.83812
9.41492
8.94697
9.4077
9.24731
9.336
9.19979
9.37469
9.3506
9.1121
9.01257
9.08649
9.32485
9.49279
9.53157
9.08219
9.43169
9.14309
9.28241
9.24932
9.36195
9.00459
9.23168
9.3607
9.1259
9.12037
9.23606
9.46
9.41499
9.52822
9.50815
9.27696
9.04174
9.27664
9.22439
9.34706
9.12372
9.00227
9.41757
9.01355
9.43547
9.16852
9.08653
8.78515
9.08762
9.08158
9.3572
9.08126
8.79335
8.61147
8.65316
8.99132
8.99768
8.96208
9.20739
9.23902
9.23385
9.02083
9.6793
8.74179
8.71596
9.22709
8.81605
9.31514
9.28601
9.19838
8.97642
9.25178
9.09744
9.17424
9.25696
9.1824
9.35164
9.00534
9.14835
8.95943
9.27128
9.23074
8.67389
9.08313
9.41742
9.15439
8.93004
9.22941
9.10646
9.0536
8.91853
9.01588
8.96529
9.08608
9.24088
9.08194
9.20938
8.65123
9.08441
8.82675
8.80567
9.04706
9.57961
9.29722
9.04401
9.15356
8.70819
9.31066
9.36043
9.2676
9.10342
9.12811
9.35392
9.14046
9.25263
9.25513
9.17975
9.09205
9.05551
9.06419
9.07788
9.0713
9.40864
9.12965
9.0388
9.16223
8.95412
8.94967
9.08874
9.15209
9.19543
8.99551
8.88006
8.95749
8.9459
9.61816
9.09471
9.16802
8.99236
9.13996
8.90767
8.818
8.97602
8.73933
8.46223
9.03359
9.02378
9.14832
9.05708
9.00978
9.05093
8.99709
8.6518
9.29578
8.88668
9.51726
9.24096
8.95692
8.97934
9.00785
9.18518
9.03357
8.73899
9.06744
9.15754
9.32906
9.18052
9.35981
8.82067
8.86992
8.95616
9.05995
8.92528
8.84807
9.16278
9.29069
8.84832
9.00379
9.27386
9.12643
8.8722
9.22905
9.20721
9.10867
9.24452
8.96146
8.90162
9.23169
8.82356
9.08953
8.83186
9.26268
9.09412
9.02327
9.20073
9.05617
9.09387
9.06554
9.28112
9.04356
9.05658
9.08796
9.20664
9.24807
8.77603
8.95218
8.8513
9.2153
9.51038
9.32765
9.20688
9.02876
9.49476
9.00294
9.15195
9.33001
9.23328
9.14491
9.18464
9.74898
8.91409
9.04189
9.20756
9.10365
8.96316
8.70143
9.32545
9.25272
9.46062
9.0119
9.13458
9.42118
8.62387
8.87584
9.13082
9.23829
9.44991
9.55506
9.59367
9.48056
8.99149
9.0961
8.85868
9.09366
9.18435
9.01042
9.16363
9.26504
9.09006
9.29467
9.00049
8.78913
9.11839
9.21438
8.78214
9.38714
9.20345
9.32307
9.5035
8.88476
8.85559
9.05539
9.41562
9.5115
9.26515
9.74579
8.96241
9.35008
9.22145
9.369
9.33404
9.35795
9.31777
9.03423
8.89776
9.32206
9.4643
9.12123
9.15744
9.27096
9.22074
9.37455
8.98773
9.24246
9.35188
9.27401
9.26218
9.01953
9.31376
9.31679
8.88426
9.26381
9.70459
9.26654
9.07584
8.84812
9.14608
9.17434
9.30573
9.62332
9.19469
9.06884
8.93145
9.40694
9.39134
8.74062
9.06192
9.33798
9.27331
9.26008
9.46944
9.13712
9.38739
8.96308
9.43659
9.47694
9.58121
9.2977
9.26333
9.07459
9.19081
9.31761
9.16188
8.9238
9.26345
9.18369
9.23046
9.36917
9.42976
9.2801
9.03223
8.79097
9.47147
9.09836
9.36175
9.33637
9.38817
9.2232
9.19097
9.47472
9.27848
9.17819
9.04398
8.84395
9.46801
9.08992
9.07227
9.17987
9.36386
9.40128
8.92741
9.58915
9.01634
9.08167
9.12746
9.06767
9.35503
9.36663
9.13341
8.98321
9.49715
8.79369
9.55499
8.79609
9.24887
9.21039
8.63062
9.12711
8.88488
9.5756
9.16173
8.90138
9.12695
9.39118
9.22119
9.39462
8.99229
9.43443
8.86116
9.41007
9.00601
8.78727
9.19934
9.41052
9.29216
9.31697
9.12075
8.86473
8.95279
9.29305
9.25464
9.46568
9.06915
9.29086
9.4069
9.28378
9.3551
9.22042
9.12415
9.57182
9.26482
8.91578
8.90302
9.53241
8.96134
9.3617
8.79493
9.39688
8.86533
9.27246
9.08872
9.11999
9.27591
9.20568
9.11796
8.93532
9.165
9.35878
9.53058
9.4386
9.00474
9.04073
9.30409
9.04024
9.1189
8.90407
9.12354
8.97241
9.43377
9.1456
9.17711
9.1437
9.44344
8.70807
8.88476
8.96934
9.1343
9.12725
9.01812
8.83361
8.55135
9.18647
8.86093
9.15406
9.03248
9.02958
8.90278
9.27285
8.8025
8.86359
8.78353
8.99576
9.24938
8.99839
8.8082
9.06624
9.08802
9.2868
9.02146
9.04722
9.40716
9.10269
8.90197
8.86376
9.00591
8.53688
9.249
8.79739
8.82175
9.24297
9.32963
9.22442
9.16382
9.17992
8.85739
8.94418
9.24702
9.0094
9.08957
9.26799
9.28643
8.89112
9.06803
9.36491
9.03689
9.05852
9.17828
9.24139
8.809
9.54058
9.46608
9.03075
9.17377
9.20014
9.47921
9.22424
9.37064
9.3506
9.17144
9.3557
9.4099
9.32489
9.32405
8.98084
9.42748
8.82731
9.55777
8.95941
9.06766
9.40079
9.30562
9.23939
9.39393
9.11028
9.0022
9.07476
8.85125
9.03749
8.86917
8.72255
9.15599
8.93473
8.92687
9.02993
9.10569
9.01465
8.93967
9.13819
9.31165
8.82768
8.72268
9.12794
9.39186
9.18444
9.05963
9.09403
8.96018
8.69553
9.1032
9.27255
9.04846
9.11304
8.71634
9.15674
9.49154
9.1104
9.32932
9.4725
8.67481
9.70335
9.20239
8.83789
9.42865
9.41338
9.25049
9.03462
8.85409
9.51963
9.46733
9.00652
9.02355
8.86191
8.91162
9.39066
9.25828
9.20835
9.24593
8.90588
9.44841
8.98158
8.73191
9.17464
9.28716
9.32078
9.54035
8.82892
9.2317
9.61384
8.892
9.11927
9.21481
9.13929
8.95218
8.73759
8.95598
9.11822
9.28739
9.26211
9.31535
9.25769
8.91871
9.1643
9.28966
8.91502
9.26594
8.92358
9.63569
9.58265
8.89514
9.20136
9.10243
9.08474
9.35191
9.05499
8.96923
9.56287
8.9466
9.10922
9.17585
9.13553
9.25588
9.34903
9.32962
9.06747
8.87404
8.95843
9.48865
8.77161
9.10161
9.31386
9.0328
9.0816
9.3736
9.00891
8.95423
8.94228
9.216
9.02267
9.03437
9.07777
9.48006
8.96452
8.92942
9.29295
8.76544
9.04282
8.80211
9.1662
9.13496
9.23301
8.74011
9.03467
8.82888
9.05566
8.73885
9.04068
9.29436
9.13288
9.34998
9.29266
8.9052
9.42042
9.23706
9.64267
9.05219
9.1448
8.82737
9.37454
9.4976
9.0639
9.36012
9.05395
8.97583
9.46977
9.15936
9.05676
9.33715
8.91369
9.35933
9.63921
9.25675
8.98874
9.34431
9.24422
8.89816
9.07643
9.15596
9.32546
9.02893
9.28435
8.94382
8.97863
9.39612
8.67053
8.69604
8.93789
9.03175
8.86772
8.78845
8.93349
9.0378
9.22518
9.39045
9.55936
9.29105
9.47228
9.15715
9.49265
9.33857
9.3209
8.94135
9.13789
9.15353
9.23047
9.60159
9.38876
9.088
9.15632
8.99165
9.11981
9.05623
8.99355
9.03405
9.11769
9.39274
8.71577
8.89512
9.52966
9.33497
8.74387
8.88632
9.34887
9.48659
8.89221
8.71595
9.34822
8.77979
8.94188
9.41745
9.28081
9.23627
9.04156
9.47773
9.37353
9.16988
9.00023
9.16433
9.20911
9.32403
9.40141
9.0433
9.33303
9.36178
9.2836
9.66959
9.31996
9.30699
9.18145
9.26221
9.26253
8.98863
9.07185
9.14893
9.45747
9.25193
9.11187
9.26001
9.2672
9.2417
8.9806
9.38357
9.42652
9.20726
9.18368
9.08975
9.1682
9.42902
8.99931
8.72227
9.11004
9.0092
8.7997
9.49441
8.93428
9.2358
9.45676
9.05853
8.81684
9.30822
9.22157
9.37206
8.96105
9.09001
9.07842
9.10641
8.8708
9.12702
9.16112
9.20763
9.3873
9.25185
9.35567
9.30895
9.31999
9.3875
9.80761
8.95329
9.34878
9.62434
9.45863
9.24727
8.62702
9.18062
9.39676
8.74738
9.1572
9.01594
8.80941
9.26344
8.8953
9.09038
9.00011
9.02563
9.44041
9.40057
9.03356
9.20703
8.74318
8.93009
9.18321
9.19349
9.07768
8.98884
9.23024
9.16717
8.87277
9.58321
9.15267
9.31761
8.65457
9.17094
9.05911
9.39369
9.26274
9.16518
9.19654
8.58573
9.27016
8.70071
9.36461
9.17755
8.91558
8.97295
9.50828
9.04437
9.31768
9.54703
8.94611
9.23112
9.36132
9.31789
9.10561
9.07927
9.13428
9.49149
9.05321
9.0998
9.19412
9.27774
9.04563
8.73079
8.87908
9.1095
9.36788
9.51549
9.49995
