18.0511
18.2812
18.2528
18.3799
18.0866
18.4221
18.5007
18.4097
18.0268
18.2301
18.277
17.9866
18.3672
18.3936
18.0633
18.3804
18.0969
18.3976
18.5574
17.7307
18.1784
18.4826
18.1938
18.6627
18.5374
18.3031
18.1256
18.8082
18.034
18.2408
18.487
18.1325
18.1203
17.9503
18.0322
18.5857
18.5023
18.1747
18.2946
18.3242
18.2484
18.1569
18.7214
18.0099
18.113
18.2334
18.2698
18.4372
18.2657
18.016
18.2949
18.5673
18.389
18.4837
18.6544
18.5844
18.5123
18.4116
17.9899
18.0283
18.0227
18.4813
18.5126
18.152
18.2699
18.4545
18.3267
18.3973
18.151
18.1958
18.2635
18.3778
18.2811
18.2571
18.3665
18.3268
18.026
18.1636
18.5206
18.2053
17.8325
18.3798
18.3664
18.0606
17.9617
18.2038
18.3648
18.0541
18.3314
17.9469
18.0781
18.4621
18.2075
17.8201
18.0049
18.1468
18.3449
17.7019
18.4871
18.0065
18.1676
17.9112
18.1643
18.0976
18.0613
18.374
17.9653
18.3544
18.2954
18.0199
18.0043
17.8863
18.2266
18.2892
18.1247
17.8628
18.4413
17.9842
18.6156
18.2076
17.7807
18.0405
17.842
18.498
18.0005
18.3539
18.1473
18.0211
18.3829
18.4056
17.9201
18.1281
18.0281
18.0105
18.0527
17.9949
18.1249
18.2185
17.9302
18.2753
18.1279
18.1738
18.2611
18.0077
17.9048
18.0346
18.0573
17.9657
18.0728
18.3806
17.9638
18.1244
18.3261
18.6012
17.7683
17.956
18.138
17.9972
18.3417
18.0933
17.9223
17.8355
18.0705
18.3252
17.828
18.3691
18.0096
18.191
17.9443
18.3883
18.352
17.9026
18.1873
18.1807
18.5601
18.0949
18.3806
18.0639
17.9935
18.1287
17.9548
17.7329
17.8922
18.46
18.0381
18.2923
18.2293
18.1432
17.7886
18.1588
18.1064
18.1315
18.1027
17.9343
18.2737
17.7699
17.9614
18.1518
18.157
18.4326
18.2188
18.3645
18.1676
18.1438
18.0421
18.8334
18.3965
18.2575
18.5465
18.7939
18.4122
18.1686
18.4277
18.2305
18.0669
18.4385
18.1883
18.2095
18.0358
18.4071
18.4782
18.2479
18.1106
18.2552
17.6981
18.421
18.8214
18.1048
18.2655
18.5439
18.6148
18.2626
18.4188
18.5443
17.8169
18.4295
18.275
18.1286
18.2735
18.237
18.3329
18.0414
18.7782
18.3357
18.228
18.1331
18.048
18.3567
18.2509
17.7278
18.3659
18.1321
18.351
18.1043
18.2076
17.9382
18.3351
18.1971
18.1323
18.0806
18.4071
18.4447
18.3991
18.5419
17.9955
18.0608
18.2724
18.1082
17.8721
18.5802
18.048
18.701
18.2642
18.0748
18.0971
18.5451
18.5131
17.8908
18.1659
18.2659
18.6916
17.8451
18.3373
18.0345
18.4471
18.1235
18.2623
18.425
18.7491
17.8694
18.1298
18.6276
18.2561
18.1635
18.3163
18.4173
17.928
18.0599
17.8548
18.0269
18.243
18.2562
17.7759
18.4636
17.9333
18.1446
18.4935
18.2036
17.9137
18.3282
17.9182
18.0447
18.054
18.0016
18.4401
18.1665
18.0461
18.2831
17.8303
18.2024
18.3027
18.2752
18.2041
18.0591
18.0781
17.9494
18.0415
18.4009
18.7614
18.1909
17.9346
18.0093
18.4588
17.7247
17.9144
18.0465
18.0697
17.9151
18.2512
17.9556
17.9109
18.5976
17.9843
18.2941
18.168
17.9827
18.5417
18.1734
18.2008
18.0154
18.107
18.2557
18.319
18.3196
18.0165
18.2933
18.5678
18.1725
17.8651
17.807
18.3096
18.3799
18.5469
18.1724
18.3987
18.2261
17.9843
18.1594
18.1854
18.6966
18.5743
17.8432
17.9448
17.9812
18.2429
18.2326
18.2091
18.0808
18.1272
18.1798
17.7831
18.239
17.9282
18.1439
18.3229
17.8693
17.9027
18.2325
18.377
17.8921
18.3384
18.6602
18.3757
18.5978
18.321
18.3646
18.4275
18.3505
18.4859
18.5494
18.674
18.3055
18.1073
18.0571
18.8752
18.3173
18.3438
18.6012
18.062
18.2224
17.9674
18.629
18.4308
18.0843
18.0716
18.0014
18.0611
18.221
18.26
18.4267
18.3598
18.126
18.5168
18.3446
18.1715
17.9225
18.3512
18.5597
18.5233
18.2023
18.3745
18.5313
18.2336
18.5402
18.6723
18.1157
18.7899
18.3576
18.3995
18.7031
18.6087
18.673
18.0987
18.1154
18.2443
18.7824
18.3447
18.4832
18.3873
17.9004
18.3223
18.4366
18.6448
18.4099
18.3198
18.4626
18.2594
18.4025
18.4451
17.9391
18.713
18.5859
18.5877
18.5207
18.4934
18.4653
18.105
18.3708
18.4402
18.6004
18.0702
18.9375
18.3066
18.2568
18.9436
18.0263
17.7504
18.5387
18.5593
18.5365
18.1717
18.4129
18.5008
18.5583
18.5675
17.9947
18.5485
18.3853
18.4362
18.3491
18.5354
18.1589
18.43
18.4216
18.2963
18.3189
18.3641
18.369
18.3094
18.1321
18.2648
18.2892
18.1972
18.1038
17.9797
18.352
18.3167
18.2878
18.036
18.1336
18.6056
17.7674
18.1396
18.3542
18.3596
18.616
17.9511
18.2351
18.017
18.3412
18.3583
18.6628
18.8281
18.2262
18.3505
17.9337
17.9856
18.4561
18.5982
18.1389
18.3722
18.2021
18.5464
18.2425
18.325
18.7074
18.0111
18.0031
18.5821
17.8049
18.5715
18.1431
18.1826
18.4141
18.1994
18.0653
18.2663
18.5569
17.9664
18.2965
18.3786
17.9827
18.3106
18.4146
18.4375
18.2637
18.2891
18.0629
18.5612
18.4728
17.9806
18.2043
18.1831
18.4792
18.2482
18.6838
18.1634
18.2376
18.2573
17.6689
18.2877
18.5794
18.1789
18.31
18.5589
18.4221
18.2797
18.3515
18.4278
17.9433
18.1629
17.8706
18.7987
18.2031
18.1893
18.5481
18.0759
18.0308
18.6693
17.854
18.1661
18.7519
18.391
18.0107
18.6125
18.2
18.0339
18.1854
18.3954
18.3742
18.0168
18.1131
17.9909
18.2009
18.1566
18.3982
18.4874
18.3584
18.318
18.3869
18.438
17.8705
18.1569
17.9838
18.1823
18.0568
18.2067
18.4099
18.1138
17.7383
17.9262
18.0894
17.8183
18.4823
18.7363
18.2057
18.1334
18.4329
18.1541
18.3575
18.1088
18.2348
18.2722
18.1771
18.1357
18.1972
17.9041
18.2313
18.6031
18.1695
18.1622
18.1
17.7728
18.1899
18.1928
18.4655
18.0131
18.335
18.2664
17.9988
18.1725
18.3933
18.0186
18.1248
18.1911
18.2291
18.1772
18.0612
18.6152
17.8469
18.164
18.8283
18.1501
18.0828
17.9485
18.153
18.6107
18.2957
17.7583
18.4671
18.0162
17.9477
18.6132
18.4236
18.4976
18.3484
18.3138
18.5539
18.424
18.3457
18.3857
18.2237
18.4243
18.6436
18.5305
17.8245
18.558
18.6979
18.5195
18.2194
18.5476
18.4832
18.3804
18.1301
18.2105
18.4503
18.0818
18.4395
18.2394
18.772
18.0718
18.6367
18.356
18.1315
17.9382
18.1811
18.3395
18.1704
18.4886
18.1328
18.4106
18.3263
18.5831
18.4422
18.1469
18.7154
18.1225
18.4304
18.3401
18.4391
18.2646
18.4316
18.2977
18.488
18.4814
18.7237
18.2325
18.2478
18.2061
18.4031
18.5634
18.1125
18.3492
18.4361
18.2287
18.2625
18.2297
18.3987
18.286
18.579
18.3391
18.7524
18.5768
18.4825
18.3598
18.6769
18.2945
18.4605
18.3937
18.1876
18.6389
18.2137
18.2877
18.1571
18.3358
18.0485
18.3808
18.7258
18.4825
18.6255
18.2207
18.2229
17.8233
18.1196
18.193
18.8108
18.3799
17.9832
18.4433
18.2373
18.4614
18.2741
18.3491
18.2077
18.3152
18.3363
18.3075
18.0878
18.1467
18.176
17.9948
18.6477
17.9427
18.2501
18.5396
18.2798
18.1707
18.1923
17.9613
18.1949
18.2529
18.4372
18.5919
18.4274
18.3302
18.3135
17.9412
18.1738
18.0849
18.1743
18.2397
18.2547
18.4309
18.7576
18.3188
18.0972
18.2986
18.2548
18.3496
18.2731
18.9336
18.707
18.3666
18.2402
18.1549
18.4974
18.2404
17.8794
18.0562
17.9886
18.2495
18.4724
18.0929
18.5289
18.2725
18.598
18.4246
18.1695
18.5084
18.6466
17.9525
18.4442
18.6275
18.2098
18.2369
18.4556
18.118
18.2336
18.326
18.1758
18.0078
18.6289
18.3744
18.1507
18.4212
18.4006
18.0485
18.4375
18.2673
17.8339
18.0379
18.2177
18.9023
17.9154
18.2175
18.2143
18.2851
18.0438
17.4942
18.3144
18.5528
18.3792
18.2637
18.0419
18.1864
17.8803
18.1963
18.1119
18.3609
17.5595
18.2313
18.1314
17.9727
17.9469
17.955
17.835
17.9193
18.2702
18.0185
17.9496
17.7955
17.8967
18.2595
18.2118
17.9345
17.8886
18.1107
18.0344
18.1014
17.729
17.5485
18.1164
17.8013
18.6715
18.341
18.0544
18.298
18.2955
17.8122
18.1894
18.0637
18.2705
18.1333
18.0342
18.1776
17.9696
18.2286
18.3465
18.065
18.1219
17.8509
18.2587
18.2372
18.6127
18.1142
18.3058
18.1097
18.2695
17.886
18.0746
18.4825
18.0272
17.9833
17.9456
18.241
18.4667
17.6625
18.0885
17.8951
17.8436
17.5763
18.028
17.8743
17.9801
18.7129
18.3097
17.6801
18.1974
18.5894
18.2634
18.0108
17.9109
18.4312
17.9447
17.9971
18.4069
18.0561
18.898
18.3755
18.7998
18.6091
18.4682
18.4174
18.5928
18.5417
18.3928
18.2173
18.4478
18.466
18.2539
18.4241
18.6018
18.4047
18.0632
17.8521
18.6827
18.3268
18.4077
18.5382
18.9117
18.303
18.7567
18.603
18.5737
18.3768
18.2005
18.2555
18.3128
18.4851
18.2385
18.3216
18.5054
18.9586
18.7182
17.9523
18.8306
18.3561
18.3561
18.1717
18.3302
18.6998
18.35
18.2445
18.1305
18.2519
18.5832
18.6804
18.0278
18.1564
18.0267
18.4172
18.4897
18.7704
18.3963
18.4296
18.7573
18.6767
18.1714
18.4882
18.756
18.7937
18.3444
18.4684
18.1567
18.4735
18.3906
18.6287
18.3638
18.6553
18.7201
18.3063
18.4398
18.2766
18.3425
18.1959
18.2299
18.4511
18.3734
18.4599
18.5966
18.4581
18.4114
18.0244
18.2615
18.4937
18.4932
18.2516
18.5718
18.4399
18.1052
18.3343
18.3609
18.459
18.4132
18.8548
18.005
18.3623
18.6019
18.597
18.5797
18.5092
18.1573
18.2068
18.506
18.5557
18.6891
18.2406
18.4798
18.6971
18.7334
18.5091
18.4048
18.2927
18.35
18.2359
18.5402
18.1026
18.1269
18.3568
18.4388
18.5847
18.3095
18.3732
18.7974
18.1933
18.1405
18.4308
18.5114
18.6049
18.6125
18.324
18.3836
18.3021
18.3992
18.3931
18.4074
18.1802
18.3448
18.4464
18.0888
17.9652
18.1259
17.9531
18.7948
18.4177
18.6702
18.3193
18.964
18.6543
18.5642
18.5317
18.5017
18.4541
17.8578
18.207
18.4945
18.6501
18.3838
18.4145
18.1935
18.1831
18.6261
18.5735
18.499
18.7314
18.4428
18.0641
18.3408
18.3174
18.3625
18.2249
18.7032
18.0493
18.3046
18.4245
17.8708
18.1342
18.0697
18.3152
17.9494
18.1367
18.2038
18.2956
18.2675
17.9076
18.5976
18.3554
18.2103
18.0087
17.8027
18.1838
17.8202
18.0462
18.3694
18.2345
18.1143
17.7901
18.0274
17.768
18.4347
17.8295
18.5788
18.0088
18.4822
17.9757
18.0705
18.2371
18.1461
18.2403
17.9042
17.8543
18.3392
18.2377
18.1699
18.284
18.1309
17.9029
18.3213
18.3923
18.3535
18.5213
18.0865
18.0574
18.0949
18.3662
17.8893
18.1284
18.2493
18.1096
17.8123
18.1952
17.891
18.3784
18.342
18.2671
18.1488
17.881
18.1326
18.4576
18.2064
18.4961
18.187
18.3805
17.7545
17.7928
18.2922
18.2335
18.2931
18.2096
18.0211
18.0298
18.4266
18.1429
18.055
18.1527
17.728
18.0503
18.2687
18.0692
18.5039
18.6721
18.7422
18.4603
18.4556
18.7407
18.5205
18.8166
18.5634
18.619
18.5062
18.4311
18.8697
18.2168
18.3384
18.445
17.9896
18.6722
18.479
18.2341
18.1942
18.8491
18.2012
18.4786
18.6951
18.0853
18.2387
18.2394
18.4208
18.3403
18.4914
18.3551
18.1373
18.2497
18.7611
18.3468
18.3005
18.8882
18.4737
18.421
18.2773
18.1841
18.4527
18.7041
18.2944
18.3073
18.1491
18.3096
18.3797
18.6567
18.7455
18.3077
18.1523
18.4288
18.7992
18.2987
18.5017
18.5958
18.1282
18.5181
18.1393
18.8415
18.877
18.397
18.4105
18.8368
18.3467
18.4152
18.4874
18.2733
18.5552
18.4476
18.6763
18.0151
18.1827
18.506
18.3567
18.3874
18.1076
18.5118
18.5871
18.5649
18.4906
18.4414
18.097
18.7627
18.6012
18.4507
17.5021
18.1158
18.392
18.3896
18.1634
18.2403
18.3759
17.7257
18.2421
18.6164
18.3962
18.4703
18.0486
18.2256
18.7716
18.2003
18.3391
18.2341
18.4218
17.8855
18.2043
18.2453
18.1379
18.371
18.2106
18.0637
18.0402
17.926
17.9411
18.323
18.1307
18.4741
18.4094
18.4606
18.709
18.6996
18.4959
18.4838
18.4996
18.3021
18.226
18.0251
17.8056
18.3026
18.1713
18.5952
18.4873
17.957
18.3976
17.9954
17.9331
18.2417
18.1457
18.2547
18.5806
18.0857
18.2403
18.2206
18.1474
18.3586
18.2134
18.3953
18.3899
18.364
18.0612
18.3686
18.4557
18.2428
18.4473
18.373
18.1675
18.2743
17.9694
18.0871
18.0721
18.177
18.0385
18.4617
18.2277
18.3488
18.1656
18.3397
18.7074
18.6316
18.4093
18.4156
18.3184
18.3617
18.9391
18.5289
18.5279
18.4879
18.091
18.2857
18.3996
18.4551
18.2868
18.3222
18.2445
18.4286
18.21
18.6841
18.182
18.4582
18.6342
18.4045
18.3175
18.3588
18.5779
18.6139
18.5067
18.538
18.2799
18.5411
18.5169
18.1861
18.2865
18.2688
18.3964
18.3547
18.393
18.0939
18.9158
18.281
18.2925
18.2731
18.5014
18.473
18.7882
18.8057
18.3069
18.6029
18.0638
18.0933
18.1171
18.4803
18.5183
18.4869
18.4988
18.5644
18.6671
18.3527
18.5815
19.0311
18.6342
18.3657
18.4142
18.4765
18.4717
18.3329
18.3367
18.3541
18.4017
18.5597
18.5536
18.4069
18.856
18.1632
17.8894
18.472
18.6736
18.4057
18.4441
18.0628
18.4755
18.365
18.294
18.3897
18.4425
18.447
18.5489
18.1135
18.3953
18.404
17.9439
18.4816
18.7492
18.4544
18.3581
17.9715
17.9592
18.5864
18.4074
18.5041
18.2904
18.8067
18.152
18.3829
18.7174
18.4487
18.5463
17.9208
18.2192
18.2602
18.2194
18.054
18.128
18.366
18.2892
18.3386
18.2605
18.6862
18.3929
18.3329
18.2487
18.2352
18.4264
18.3027
18.3502
18.6879
18.052
18.6425
18.4051
18.4814
18.0005
17.9635
18.362
18.4528
18.3069
18.2234
18.4132
18.4428
18.4205
18.4404
18.2577
18.7439
18.7066
18.3394
18.1706
18.4519
18.1414
18.2442
18.3327
18.7069
18.4547
17.9243
18.3034
18.1579
18.3455
18.5868
18.2581
18.3628
18.1533
18.3289
18.5634
18.162
18.4475
18.3278
18.3574
17.9465
18.0696
18.3653
18.4842
18.1058
18.5044
18.4019
18.3448
18.0867
18.2279
17.8585
18.3094
17.8897
18.0491
17.8532
18.1262
18.3279
18.3587
18.1325
18.1684
17.83
18.3002
17.944
17.9728
18.092
17.9549
18.0315
17.8463
18.0546
18.241
18.0049
18.3959
18.2375
17.7578
18.2972
18.4912
18.0601
18.3476
18.1705
18.4714
18.2493
17.854
17.9957
18.2786
18.4319
18.1727
18.1297
18.1519
18.137
18.2832
18.0872
18.0072
17.7464
18.0934
18.0563
18.2105
18.1363
18.23
18.2144
18.1608
18.3194
18.1345
18.0778
18.6471
18.1191
18.367
18.0243
18.3069
18.3174
18.2806
18.3379
18.1657
18.4033
18.1132
18.1984
18.1799
18.3897
18.1853
18.1623
18.2974
18.3845
18.0163
18.5573
18.2429
18.3366
18.6525
18.2393
18.2477
18.0634
17.9856
18.2925
18.19
18.2445
18.4441
17.7705
18.5163
18.08
18.3286
17.9507
18.2454
18.36
17.9417
17.7036
18.0709
18.3804
18.0141
18.1179
18.0007
17.9391
17.7786
18.3243
17.9753
18.4536
18.2258
17.9969
18.069
18.4401
18.5606
18.3734
18.0847
18.2495
18.1983
18.2491
17.9577
18.3326
18.3681
18.298
18.477
18.0906
18.2157
18.1933
18.1354
18.1437
18.2073
18.6465
18.6063
18.1071
18.537
18.0121
18.2095
18.3282
18.1314
18.268
17.9791
18.1369
18.2268
18.0083
18.3549
18.2295
18.1652
18.1756
18.1428
17.623
18.1011
18.0609
18.0105
18.3051
18.0433
18.1132
18.0393
18.1476
18.4932
18.1493
18.3769
18.2938
18.1569
18.3322
18.286
18.495
18.3384
19.201
17.8203
18.4587
18.4066
18.2114
18.2545
18.3148
18.3136
18.6214
18.423
18.509
18.3584
18.6527
18.2435
18.0101
18.4041
18.3295
18.3532
18.2109
17.9717
18.263
18.5307
18.479
18.4712
18.2468
18.6021
18.3234
18.1714
18.3563
18.4812
18.4014
18.5389
18.1576
18.5891
18.6314
18.549
18.1301
18.4911
18.3882
18.7001
18.1059
18.6518
18.7448
18.5455
18.3366
18.3429
18.0679
18.6151
18.3221
18.6188
18.2652
18.3506
18.486
18.4601
18.8298
18.2157
18.4161
18.3135
18.3479
18.4409
18.4557
18.3309
17.8682
18.2639
18.1829
18.3089
18.4384
18.2496
18.5217
18.1465
18.1746
18.583
18.0591
18.1602
17.9987
17.7995
18.2994
17.704
18.1957
18.7298
17.9395
18.4797
18.1459
17.8749
18.2751
18.3815
18.1039
18.3659
18.22
18.3897
18.1786
18.2878
18.1831
18.0583
18.125
18.6268
17.9828
17.9718
18.0604
18.1408
17.7663
18.7693
17.8729
18.1144
18.2037
17.8751
18.2969
18.3387
18.1964
18.4
18.5131
17.9042
18.1352
18.1598
18.3257
18.3047
18.4758
18.0761
17.9809
18.094
18.393
18.4795
17.8511
18.4412
18.0778
18.3958
18.3718
18.1981
18.6199
18.3265
18.2725
18.0912
18.1095
18.1225
18.0261
18.2028
18.591
18.2408
18.1509
18.4762
18.1569
18.1255
18.1699
18.295
18.2719
18.3743
18.0368
18.177
18.4917
18.296
18.1871
18.1371
17.6904
18.1846
18.418
18.1781
18.4092
18.5886
18.1803
18.4323
17.8411
17.8729
18.3159
18.1771
18.31
18.1333
18.4098
18.5587
18.4216
18.6563
18.2171
17.9654
17.9822
18.283
18.0091
18.2293
18.2423
18.0888
17.959
18.6378
18.6098
18.1349
18.241
18.1839
18.1387
18.3792
18.2214
18.2327
18.4244
18.309
18.3667
18.2638
18.4097
18.1443
18.8513
18.0334
18.2215
18.2991
18.5115
18.3747
18.1048
18.2639
18.2476
18.1633
18.2514
18.3081
18.2161
17.9164
18.3193
18.3047
18.5172
18.6022
18.02
18.1974
18.0207
17.9159
18.3503
18.435
18.1235
18.0685
18.4132
18.1239
17.7838
18.568
18.4986
18.2825
17.8703
17.7986
18.1645
17.8724
17.986
18.3925
18.2107
18.0734
18.2337
17.9791
18.5123
18.138
17.8997
18.5459
18.4262
18.1135
18.1547
18.0603
18.1987
18.2105
17.9923
18.5333
18.1043
17.975
18.3645
18.1948
18.2373
18.0475
17.9186
18.0681
18.6057
18.3982
17.9819
18.4202
18.4165
18.1639
18.4356
18.4617
18.3325
18.3476
18.2977
18.209
18.5491
18.6912
18.4905
17.9635
18.4042
18.1966
18.1157
17.9391
18.394
18.4314
17.8194
18.2693
18.2883
18.3071
18.2221
18.0561
18.5405
18.4188
18.087
17.855
18.3065
18.0553
18.0578
18.394
18.2971
18.4725
18.2116
18.3881
18.0469
18.2891
17.9863
18.4992
18.5511
18.1656
18.1894
18.1884
18.2674
18.511
18.0978
18.2804
18.1321
18.1571
18.4686
18.5086
18.2414
18.3981
18.2546
18.4666
18.8332
17.7356
18.0938
18.4186
18.324
18.4698
18.6372
18.1066
18.3899
18.1966
18.2004
18.5118
18.0076
18.0002
18.1408
18.16
18.1154
18.4979
17.8668
18.4822
18.3299
18.3751
18.1876
18.3747
18.5882
18.2457
18.4754
18.4121
18.1224
18.204
18.159
18.271
18.3241
18.15
18.7191
18.2028
18.1701
18.1872
18.1519
18.2157
18.4309
18.3046
18.377
18.2477
18.716
18.6146
18.0866
18.3922
18.1253
18.1235
18.1229
18.2955
18.5844
18.4866
18.432
17.9433
17.7066
18.3702
18.2025
18.2085
18.5423
18.342
18.2315
17.9475
17.8173
18.1905
18.2145
18.1485
18.2148
18.2686
18.3422
17.9673
18.0468
18.2876
18.3141
18.1623
17.9
18.0984
17.938
18.2576
18.0353
18.3406
17.9732
17.8597
17.8064
18.4694
18.1749
18.229
17.8734
18.26
17.8116
18.6474
18.1241
18.3038
18.2552
18.4717
18.4104
17.961
17.8787
18.0855
18.1842
18.0005
18.1157
18.2704
18.4229
18.0904
18.3619
17.6246
17.9165
18.3424
18.0726
18.4091
18.0965
18.3616
18.0115
18.2819
18.4467
18.1567
18.0479
18.0263
18.4067
18.3002
18.0546
18.4325
18.1995
18.1187
18.4879
18.4829
18.0875
18.2706
18.2871
18.1981
18.1735
18.1116
18.248
18.3275
18.4634
18.2625
18.444
18.1677
18.0422
18.1898
18.1305
18.763
18.3606
18.5058
18.0586
17.6173
17.9695
17.9234
18.131
18.2147
18.0777
18.3538
18.4795
18.3798
18.4903
18.1558
18.1091
18.4367
18.239
18.0769
18.3461
18.2614
17.9126
18.6011
17.9585
17.8524
18.3788
18.2211
18.2837
17.9934
18.5698
18.4784
18.2625
18.1483
18.2358
18.0141
18.667
18.0003
17.8374
18.1513
18.2982
18.339
18.2199
18.5417
18.5555
18.3339
18.0131
18.1154
18.3654
18.0781
18.2844
18.2272
18.3589
17.966
18.5999
18.7517
18.3438
17.995
18.3807
18.0796
18.2001
18.3376
17.9665
18.0443
18.668
17.6022
18.2161
18.604
18.0672
18.5334
18.5778
18.07
18.2848
18.3062
18.4735
18.5362
18.5352
18.2624
18.1119
18.7165
18.5592
18.622
18.3456
18.5297
18.522
18.4993
18.8685
18.5278
18.7821
18.0906
18.6221
18.7713
18.5782
18.1953
18.4055
18.503
18.7475
18.3659
18.5301
18.6827
18.105
18.2568
18.1609
18.3196
18.5916
18.2327
18.6515
18.4289
18.3553
18.6328
18.4426
18.5929
18.25
18.716
18.3397
18.8961
18.3925
18.179
18.653
18.5433
18.4271
18.5366
18.8917
18.4938
18.5569
18.5989
18.6372
18.6369
18.6181
18.4721
18.1784
18.5258
18.4997
18.9666
18.4397
18.4884
18.2782
18.8461
18.0789
18.6212
18.5572
18.5194
18.32
18.6113
18.3062
18.1137
18.3621
18.4341
17.9723
18.0798
17.9119
18.283
18.025
18.1653
18.0625
18.7483
18.1906
18.3006
18.6974
18.4104
18.3161
18.0085
17.9167
18.4861
18.178
18.2787
18.2641
18.1802
18.2167
18.3542
18.0366
18.3022
18.4113
17.9988
18.2509
18.2331
18.3493
18.3266
18.3351
17.9324
18.4301
18.5149
18.012
18.4112
18.3992
18.3135
18.2032
17.8942
18.5277
18.2713
18.2638
18.4003
18.0234
18.6352
18.2908
18.1996
18.1146
18.4392
18.4167
18.1794
18.5404
18.4105
18.0111
17.8037
18.1477
18.072
18.4612
17.9987
17.8675
18.4508
18.0795
17.8665
18.1151
18.1654
18.2907
18.1985
18.2082
18.3051
18.0052
18.506
18.2373
18.0667
18.5335
18.3636
18.0441
18.2936
18.3414
18.3455
18.4093
18.5686
18.213
17.9407
17.9517
18.4552
18.175
18.2082
17.7914
18.4851
18.2592
18.3767
18.4101
17.8779
17.9097
18.3929
17.783
17.8706
18.0929
18.6375
18.3833
18.213
18.501
18.0041
17.9644
18.1975
18.5614
18.1694
18.3428
18.0944
18.3346
18.4881
18.3905
18.2252
18.0352
18.3009
18.0696
18.0325
18.0271
18.2974
17.9884
18.4589
18.3807
18.257
18.2497
18.3551
18.3368
18.5859
18.179
18.4628
18.3455
18.4109
18.2786
17.9218
18.4434
18.6258
18.0426
18.3704
17.9911
17.9915
17.9148
18.0224
17.9813
17.8784
18.0935
18.214
18.202
18.0408
18.0327
18.5117
18.3372
18.5283
18.2157
18.459
18.0557
18.2097
17.9327
17.9748
17.7978
18.2578
17.903
18.4288
18.2667
17.7907
18.0978
17.9625
18.3858
18.3969
17.838
18.4854
18.0408
18.0159
17.9815
18.1564
18.1343
18.1908
18.1907
17.9526
17.8727
18.3105
17.9005
18.4787
17.9928
17.9316
18.6759
17.9317
17.985
18.0085
18.0755
18.1798
18.474
17.9881
17.9953
18.0877
18.0576
17.8424
18.0455
18.4685
18.0952
18.7212
17.954
17.7361
18.1203
17.8468
18.388
18.1011
18.2325
18.2825
18.1584
18.2129
18.1279
18.3238
17.8627
18.5846
18.2859
17.8319
18.2738
18.4438
18.0125
17.9146
18.1818
18.3711
17.803
17.9294
18.0884
18.2946
17.9141
17.8311
18.1632
17.8807
18.3945
18.08
17.9031
18.2581
18.1344
18.4252
17.7138
17.961
17.9317
18.2498
17.8284
18.2151
17.6684
18.1379
18.3646
17.8213
17.6888
17.947
18.148
18.2472
18.4758
18.3119
17.7501
18.2122
18.192
18.1014
18.2558
18.0952
18.2987
18.1792
17.9532
17.8798
17.9203
18.0492
18.0252
17.9845
18.1637
18.0915
18.1025
18.2632
17.7442
18.2916
17.5644
17.8669
18.2146
18.2968
18.4486
18.0861
17.9208
18.2784
18.2345
18.2071
18.3735
17.9878
18.264
18.1643
18.4189
18.064
18.6351
17.9485
18.2227
18.4263
18.16
18.163
18.1172
17.9996
18.0547
18.3257
18.7903
18.369
18.27
18.1277
18.5357
18.0775
18.7091
18.4078
18.7372
18.5576
18.3831
18.5597
18.1703
18.1355
18.5878
18.2418
18.5005
18.4453
18.4826
18.4196
18.2505
18.1007
18.2873
18.2611
18.0799
18.5606
17.9884
18.4264
18.5593
18.3132
18.2855
18.0851
18.7638
18.546
17.8402
18.1449
18.3177
18.4466
18.386
18.6741
18.6621
18.415
18.3302
18.4717
18.1045
18.6068
18.277
18.4593
18.1878
18.4237
18.6737
18.3454
18.1151
18.2765
18.2661
18.2606
18.1962
18.3988
17.9023
18.5696
17.9806
18.6254
18.3339
18.5792
17.8451
18.3863
18.1934
18.625
18.5771
18.0903
18.6761
18.3493
18.3862
18.0586
18.2388
18.5247
18.6655
18.2063
18.2168
18.3879
18.5471
17.9696
18.2261
18.392
18.2467
18.3427
18.2232
18.0305
18.0272
18.3307
18.052
18.0275
18.5399
18.1075
18.4086
18.1134
17.8249
18.1042
18.0867
18.1576
18.4629
17.9409
18.4958
18.6603
18.5483
18.5521
18.1638
18.4102
18.7027
17.8343
17.9201
18.3247
18.5701
18.0936
18.0013
18.0852
18.0763
18.1809
18.1657
18.6282
18.1232
18.342
18.0936
18.3888
18.1986
18.4511
17.8839
17.9465
18.1048
18.1707
17.845
18.1726
18.1467
18.5974
18.4669
18.3329
18.4058
17.8993
18.1883
17.9643
18.0686
18.5463
18.2487
18.5081
18.3719
18.1946
18.1408
18.6241
18.2231
18.0257
18.4333
18.3915
18.13
18.0852
18.1796
18.423
17.9708
18.191
18.2702
18.1693
18.1315
17.7869
18.151
17.9931
18.3149
18.4315
17.8419
17.9696
18.2286
18.6176
18.149
18.4738
18.3474
17.7316
18.5954
17.9726
18.0469
18.2815
18.2379
18.6039
17.941
18.1408
17.8827
18.2874
18.0133
18.4012
18.3919
18.4965
18.4419
18.4447
17.9148
18.518
18.3771
18.2874
18.3562
17.507
18.155
17.9834
18.7372
18.3431
18.1533
18.1
18.4183
18.4648
18.5553
18.1188
18.2881
18.1588
18.2859
18.2214
18.3701
18.0778
18.4047
18.3464
18.1705
18.1452
18.3624
18.2902
18.5632
18.0373
18.2555
18.3298
18.6329
18.1081
18.3608
18.6762
17.9809
18.3426
18.5068
18.2974
18.6373
18.1447
18.2692
18.2162
18.1251
18.1583
18.3673
18.2973
17.9965
18.4507
18.3807
18.0369
18.5439
17.8896
18.6152
18.0447
18.2636
18.2688
18.3648
18.5087
18.8577
18.2342
18.2386
18.4127
17.9979
18.4725
18.465
18.7478
18.3758
18.2642
18.2105
18.141
18.6142
18.4218
17.9992
18.1815
18.2294
18.1553
18.1523
18.5901
18.0632
18.3978
18.0918
18.2657
18.3612
18.8419
18.5831
18.4383
18.0952
18.4309
18.0529
18.4269
18.6147
18.1924
18.3439
18.1017
18.4845
18.5475
18.0676
18.2598
18.1233
18.4266
18.1319
18.4403
18.1007
18.1541
18.0686
18.4288
18.2452
18.4256
18.5055
18.1117
18.5899
18.6688
18.1902
17.9506
18.0652
18.2854
18.258
18.1289
18.1839
18.2402
18.1661
18.2578
18.2023
18.4437
18.5166
17.8878
18.1762
18.033
18.1162
18.2898
18.1685
18.2759
18.2233
18.3585
18.2951
17.9656
18.2306
18.5247
18.7884
18.2404
18.4227
18.5197
18.4919
18.2087
18.1033
18.4126
18.6562
18.2145
18.4738
18.416
18.4362
18.1001
18.6509
18.4916
18.5853
17.9644
18.1219
17.9903
18.2131
18.2823
18.3977
18.6836
18.2193
18.549
18.3477
18.6907
17.9887
18.1879
18.3835
18.4902
17.7241
18.1144
18.6526
18.5529
18.2522
17.8796
18.2431
18.3586
18.0855
18.7376
18.146
18.2606
18.3433
18.3091
18.2078
18.0848
18.0635
18.1041
18.1638
18.4209
18.4213
18.3262
18.4278
17.83
18.0442
18.1931
18.1396
18.2687
18.7161
18.5872
18.2107
17.9822
17.9629
18.5217
18.251
18.3321
18.4441
18.2776
18.2716
18.5247
18.2747
18.3848
17.8358
17.982
17.8324
18.3231
17.9861
18.5133
18.1299
18.2507
18.3133
17.7587
18.541
18.28
18.2403
18.0525
18.3419
18.3832
18.2105
18.2336
18.0687
18.2781
18.1622
18.2875
18.101
18.3186
18.6694
17.9913
18.2181
18.0622
18.8404
18.5769
18.1871
18.2348
18.1841
18.4592
18.2395
18.1536
18.2661
18.0817
18.1598
18.4365
18.5215
18.0329
18.5436
18.4942
18.502
18.6195
18.3422
19.026
18.5434
18.2188
18.3641
18.5417
18.7378
18.5134
17.9727
18.4144
18.5045
18.7736
18.318
18.1982
18.3251
18.259
18.3909
18.0416
18.4674
18.12
18.3123
18.2865
18.4632
18.7401
18.7118
18.9929
18.6124
18.4185
18.3267
18.5632
18.5222
18.3209
17.8939
18.5789
18.2207
18.1109
18.5474
18.4476
18.3556
18.5934
18.1129
18.1525
18.5299
18.4007
18.759
18.301
18.4813
18.587
18.389
18.2322
18.1506
18.1167
18.2205
17.8577
17.7024
17.6258
18.2591
17.7452
18.4235
18.3037
17.9664
18.1553
18.196
18.0259
17.9823
17.9862
18.4913
18.2651
17.8679
18.0032
18.1745
18.1949
18.6584
18.1837
17.8324
17.9542
18.1825
18.3806
17.9837
18.2163
18.3571
18.0815
17.858
18.2815
17.6742
18.2266
18.5584
18.166
18.0732
18.0433
18.022
18.0336
17.9552
18.2627
18.002
18.4676
18.3011
18.1637
17.835
18.3826
17.7735
18.2716
18.3415
18.341
18.4668
18.001
17.9692
17.7912
18.5364
18.2294
18.0612
18.1922
17.9108
18.0341
18.0576
17.8477
17.826
18.5849
17.8344
18.0258
18.5538
18.2391
18.1554
18.399
18.1312
18.1874
17.9783
17.917
17.8438
18.0605
18.4537
18.4981
18.1361
18.1214
17.8768
18.2318
18.0719
18.3392
17.661
18.2133
18.4798
18.2532
18.6259
18.4262
18.3419
18.1224
18.2096
18.2883
17.6565
18.2197
18.109
17.9265
18.1792
18.365
18.1981
18.0253
18.2453
18.3297
18.1346
18.0071
18.309
18.5591
17.9168
18.5173
17.917
18.0242
18.5594
17.8709
18.2757
18.2901
17.7016
18.3398
17.7476
18.297
18.4623
18.2995
17.8508
18.2143
18.0252
18.4397
18.0764
18.0746
18.2394
18.2209
18.1782
18.3132
18.2782
18.0217
18.1856
18.7932
18.3463
18.1719
18.2941
18.0498
18.0087
18.1745
18.341
18.298
18.0234
18.2994
18.4568
17.8155
18.2897
17.9333
18.0724
18.1202
18.3821
18.1346
18.071
18.0957
18.3425
17.7848
18.1472
17.9446
18.2869
18.2932
18.6868
17.7618
18.4568
18.6027
18.2175
18.3183
17.7055
18.0866
17.7712
18.1772
17.7271
18.2348
18.6955
17.7773
17.8071
18.191
18.696
18.0755
17.9921
18.4675
18.4357
18.1167
18.1469
18.5992
18.9387
18.2608
17.6041
18.2843
18.493
18.5886
18.1091
18.8671
18.1033
18.4329
18.4088
18.0852
18.0001
17.8062
18.3679
17.9905
18.2231
18.5703
18.0406
18.4985
18.6526
18.3049
18.6372
18.5986
18.4963
18.0397
18.1507
18.2647
18.3373
18.2942
18.6187
18.4603
18.1046
18.5436
18.7023
17.9353
18.1725
18.55
18.6609
18.5647
18.2767
18.6012
17.8253
18.7645
18.3067
17.6686
17.9059
18.2412
18.4516
17.8123
18.2733
18.273
18.4379
18.1674
18.2659
18.1362
18.2704
18.2012
17.9914
17.8213
18.2413
18.2643
18.5792
18.3685
17.8662
18.0551
18.4905
18.1072
18.2615
18.6289
18.0441
18.589
17.8706
18.3054
18.3242
18.4366
18.3275
18.5473
18.5065
18.5483
18.3444
18.3781
18.2359
18.3986
18.1242
18.2702
18.3324
18.4292
17.9724
18.613
17.9486
18.3298
18.3933
18.4197
18.6908
18.0815
18.1358
18.2811
18.6132
18.4194
18.0159
18.1606
18.0845
18.5794
18.3944
18.0363
18.1047
18.4095
18.0657
18.2486
18.5172
18.301
18.1579
18.2468
18.2569
17.8644
18.2103
18.3523
17.9659
17.8953
18.0999
18.3069
18.4454
18.2432
18.3906
17.7877
18.1828
18.1958
18.2719
18.106
18.1749
18.4567
18.5083
18.2675
18.1278
18.1907
18.3611
18.2101
18.5714
18.373
18.4626
18.376
18.3431
17.6952
18.4704
18.1473
17.8357
18.5492
18.1919
18.2445
17.8425
18.0439
18.3977
18.0853
17.6942
17.7738
17.845
18.2809
17.8654
18.074
17.5307
17.5687
17.7669
18.014
18.415
17.9139
18.2705
17.5791
17.6959
18.3755
18.4659
18.165
18.0784
17.8537
18.0125
17.8103
17.7014
18.0581
18.1264
18.0084
18.3138
17.9817
18.0335
17.981
18.592
18.06
18.1515
17.9654
18.1766
17.8584
17.5978
17.9679
18.0976
18.199
17.7174
17.9694
17.8366
17.96
18.3913
17.8097
18.1563
18.05
17.9268
18.2426
17.8864
17.9924
18.1675
18.1306
18.0267
18.2648
18.5522
18.1983
18.2896
18.4407
18.6034
18.2912
18.3577
18.0321
18.2244
17.9919
17.6771
18.19
18.0768
18.3205
18.4893
18.1748
17.8791
18.1288
18.0311
18.1455
18.2059
18.0232
18.0473
18.4418
17.8418
18.2682
18.013
18.3542
18.1471
18.5304
18.4183
18.3855
18.183
18.0337
18.5407
18.2895
18.2698
18.3276
18.0365
18.0199
18.3642
18.1724
17.9283
17.7013
18.4486
18.4307
18.4864
17.8187
18.2357
18.4285
18.1704
18.2782
18.1802
18.3668
18.0216
18.2605
18.054
18.1363
17.9038
17.963
18.4154
18.3289
18.2469
18.0146
18.1223
18.0503
18.3707
18.2284
17.9849
18.082
18.8094
18.2273
17.9818
18.0927
18.0901
18.3039
18.1141
18.2809
18.1698
18.4463
17.8694
17.5655
17.9276
18.3012
17.888
17.9267
17.8887
18.0031
18.1475
18.1109
18.6823
18.2561
18.2312
18.324
17.9848
17.8158
18.0419
18.152
18.8641
18.0704
18.3318
18.3922
18.3419
17.8626
18.9057
18.2768
18.6315
18.1858
18.3816
18.4288
18.4962
18.5675
18.5964
18.4592
18.2555
18.5443
18.4621
18.4569
18.2217
18.3108
18.7033
18.5596
18.2747
18.4492
18.508
18.1962
18.8015
18.933
18.7585
18.5969
18.1596
18.7994
18.666
18.7776
18.5839
18.4487
18.482
18.461
18.3877
18.4012
18.3725
18.8379
18.7278
18.3225
18.2375
18.6598
18.4238
18.5903
18.6079
18.6791
18.4786
18.3024
18.2785
18.7771
18.6612
18.1008
18.6256
17.8086
18.582
18.1211
18.578
18.1643
18.3286
18.3854
18.3531
18.0798
18.3402
18.0608
18.3908
18.5945
18.504
18.4367
18.4039
18.3977
18.5027
18.2767
18.2853
18.1078
18.5465
18.4184
18.7138
18.5186
18.0347
18.4482
18.5398
18.3262
18.5085
18.2781
18.4951
18.3509
18.5507
18.4719
18.3147
18.427
18.5519
18.2188
18.4121
18.3082
18.4921
18.7221
18.1614
18.1732
18.3229
18.4063
18.318
18.3388
18.3191
17.8064
17.8791
18.2959
18.2304
18.212
17.9323
18.1597
18.1339
18.1324
17.91
18.4303
18.4326
18.4303
18.2164
18.0607
18.3492
18.2712
18.0413
17.7156
18.0779
18.0425
17.9315
18.0319
18.3614
18.2811
18.3814
18.0559
18.1686
18.0725
18.0464
18.1312
18.0289
17.9445
18.4393
18.4063
17.722
18.1792
17.9889
17.7265
18.2386
18.2825
18.3371
18.4336
17.6075
18.2738
17.6499
18.0173
18.6167
18.3092
18.4216
18.3885
18.492
18.4102
18.3618
18.3455
18.2845
18.4462
18.5291
18.5859
17.9752
18.281
18.5381
17.9887
18.4669
18.5298
18.1727
18.205
18.676
18.4357
18.6102
18.6908
18.1694
18.3228
18.6335
18.1612
18.6306
18.1173
18.1801
18.5237
18.1509
18.3318
18.2925
17.9432
18.0441
18.193
18.375
18.4567
18.5141
18.5686
18.6379
18.3194
17.9484
18.4252
17.9879
18.1639
18.179
18.101
18.3677
18.4746
18.4742
18.053
18.3325
18.0626
18.535
18.4224
18.478
18.4924
18.3307
18.628
18.5936
18.5111
18.177
18.3303
18.063
17.9679
18.7301
18.322
18.2562
18.2226
18.4916
17.9607
18.4387
18.4557
18.2354
18.0703
18.2124
18.2624
18.5927
18.3707
18.555
17.991
18.5852
18.1355
18.4812
18.414
18.2566
18.7474
18.2754
18.3776
18.1527
18.0461
18.0154
18.2489
18.1548
18.4652
18.5563
18.1018
18.4292
18.4319
18.4463
18.1195
18.2248
18.0764
18.1703
18.1579
18.5094
17.9853
18.5115
18.4613
18.2992
18.6893
18.2137
18.2992
18.4916
18.5038
18.0863
18.4647
18.4437
18.2025
18.2057
18.001
18.4235
18.0726
18.457
18.3866
18.3406
18.4554
18.2837
18.0789
18.0889
18.3419
18.2683
18.5907
18.2494
18.1222
18.31
18.3714
17.9292
18.445
18.0138
18.5109
17.7826
18.1502
18.2908
18.0195
18.424
18.8124
17.8723
18.0422
18.223
18.2438
18.0861
18.1659
18.4672
18.2839
18.4207
18.0233
18.5006
18.1629
18.2589
18.2667
18.1515
18.4626
18.3078
17.9208
18.1841
18.317
18.2888
18.3248
18.6807
18.2472
17.996
18.7273
18.0977
18.5508
18.3535
18.3978
18.6671
18.0663
18.3819
18.3454
18.0163
18.1898
18.5783
18.1333
18.027
18.1531
18.0623
17.9526
18.416
18.3288
18.2675
17.8617
18.3825
18.3278
18.0559
18.1843
18.4214
18.2452
18.4783
18.2476
18.5033
18.3113
18.1977
18.2147
18.5524
18.3413
18.253
17.9894
18.2833
18.4592
18.1263
18.2392
18.1107
18.1479
17.8708
18.6654
18.212
18.2516
18.1832
18.1956
18.4906
18.4937
18.1277
17.8391
18.4106
18.5709
18.3622
18.2795
18.4931
18.2001
18.437
18.655
18.0701
17.9817
18.3613
18.4122
18.5429
18.7315
18.5735
18.4217
18.2988
18.1043
18.6686
18.2923
18.6956
18.263
18.4056
18.6423
18.515
18.4744
18.5572
18.3447
18.3901
18.3953
18.173
18.5
18.0851
18.1654
18.7871
18.3287
18.395
18.1408
18.3126
18.5545
18.3009
18.2876
18.2882
18.2653
18.311
18.1643
18.7937
18.2062
19.0691
18.299
18.2522
17.9922
18.3695
18.5709
18.3685
18.1776
18.4398
18.7289
18.6017
18.4038
18.8671
18.677
18.3016
18.6067
18.5102
18.6446
18.4794
18.5874
17.9848
17.7354
18.4988
18.6779
18.441
18.3151
17.8836
18.064
18.6334
18.5643
18.3613
18.5231
18.4909
18.3776
17.9988
18.0498
18.3813
18.354
18.4301
18.1486
18.0838
18.3255
18.4263
18.1422
17.9711
17.9013
18.4036
18.0824
18.5798
18.0945
18.0781
17.5722
18.0391
18.379
18.4538
18.7578
18.1809
18.1167
18.1856
18.4801
17.9371
18.2697
18.1893
18.359
18.3778
18.098
18.112
17.98
18.2174
18.412
18.2427
18.3156
18.3595
18.4808
18.3101
18.4495
18.2716
18.0836
17.9044
18.1485
18.1653
18.3379
18.3976
18.5931
18.1427
18.4425
18.4282
18.2092
18.3194
18.2709
18.0353
18.1234
18.0645
18.2301
18.2857
18.3665
18.5638
18.1949
18.0785
18.4284
18.0706
18.5779
18.33
18.5278
18.1838
18.4873
18.3826
18.1865
18.36
18.3023
18.0354
18.3148
18.2537
18.5365
18.2432
18.0199
18.191
18.3426
18.0041
18.3383
18.4367
18.5239
18.1251
18.5139
18.2829
18.2232
18.5767
18.3282
17.9646
18.1891
18.1082
18.3695
18.054
17.8898
18.3666
18.5634
18.1483
18.1936
17.8734
18.4432
18.0644
18.2828
17.9219
18.1204
18.3457
18.353
18.1721
18.1105
18.3029
17.842
18.0646
18.1241
17.8539
18.4335
17.9691
17.8792
17.8726
17.9906
18.2851
18.5659
18.6343
18.0398
18.5788
18.3344
18.6419
18.3385
18.6095
18.5225
18.2071
18.6208
18.4862
18.3118
18.6037
18.6434
18.4634
18.3179
18.8158
18.5174
18.1336
18.8845
18.3407
18.3487
18.2697
18.6645
17.9466
18.5904
18.4544
18.1181
18.4524
18.7277
18.6376
18.5032
18.3746
18.2034
18.3318
18.2118
18.311
18.1403
18.241
18.2395
18.2051
18.1721
18.5033
18.3795
18.3764
18.2485
18.0828
18.0705
18.3501
18.1564
18.0622
18.5848
18.0943
18.2031
18.1792
18.4904
18.5818
17.9655
18.356
18.7175
18.767
18.236
18.094
18.2884
18.3459
18.442
18.1623
18.1586
18.3994
18.8131
18.1262
18.5216
18.3398
18.6451
18.1843
18.0462
18.298
18.2378
18.5184
18.0894
18.0157
18.2593
18.202
18.4513
18.1292
18.2541
18.5269
18.7187
18.2687
18.3336
18.0682
18.4199
17.9912
18.1021
18.1182
18.3617
18.8363
18.1509
18.0078
18.2259
18.3156
18.1156
18.332
18.2912
18.5588
18.4079
18.1987
18.2337
18.3797
18.2179
18.4017
18.3896
18.2225
18.4109
17.8248
18.0008
18.4044
18.1537
18.158
18.4159
18.6023
18.2453
18.2495
18.1315
18.5397
18.0352
18.0575
17.8898
18.2911
18.4799
18.02
18.3976
17.9352
17.8457
18.4275
18.007
18.1384
18.0206
18.0244
18.5515
18.5662
18.183
18.3164
17.8413
18.0318
18.3548
18.2928
18.2944
18.1493
18.0284
18.4915
18.2118
18.1223
18.3446
18.3634
18.4084
18.4552
18.1309
18.6597
17.9663
18.181
18.0216
17.8216
17.8104
18.064
18.3379
18.4571
18.0528
18.2232
18.182
18.1816
18.0465
18.5207
18.41
18.0106
18.2197
18.0961
18.3026
18.4497
18.4565
18.6791
18.0248
18.3114
18.3795
18.7245
18.7191
18.5215
17.9784
18.5999
18.6348
18.3053
18.4732
18.5156
18.2921
18.3197
17.98
18.3347
18.1554
18.4178
18.4148
18.3956
18.4537
18.1842
17.9957
18.5934
18.2219
18.6673
18.0936
18.2579
18.4378
18.1967
18.3706
18.2698
18.0175
18.3648
18.0541
18.7263
18.2055
18.2768
18.0986
18.3582
18.2767
18.3102
18.5172
18.5546
18.1255
18.3416
18.2779
18.3364
18.2558
18.3609
18.1484
18.3446
18.4329
18.4984
18.4669
18.0651
18.2697
18.0388
18.1766
18.0678
18.1035
18.226
18.2409
18.4496
18.4647
18.735
18.0182
18.5741
18.239
18.6407
18.7434
18.16
18.3871
18.5972
18.6429
18.6723
18.4929
18.1908
18.4695
18.3569
18.4609
18.5366
17.7992
18.6219
18.0236
18.3748
18.4217
18.5749
18.437
18.6143
17.9861
18.4194
18.5773
18.5931
18.332
17.9572
18.1025
18.2749
18.4297
17.9991
18.5327
18.2848
18.0946
18.3269
18.1213
18.0032
17.9424
18.0861
18.2051
18.0061
18.4283
18.2558
18.2009
18.378
18.2272
18.331
18.1529
18.0569
18.4468
18.0281
18.0466
18.2977
18.5114
18.4328
18.1915
18.4162
18.0018
18.2501
18.687
18.1941
18.2593
17.9809
17.866
18.1377
18.1682
18.1329
18.5151
17.8961
18.3042
18.2486
18.1259
18.2143
17.865
18.088
18.0831
18.5184
18.2409
18.3594
18.0248
17.8385
18.0286
18.091
18.0936
18.0139
18.571
18.1405
18.5096
18.427
18.0229
17.7492
18.4105
18.561
18.2265
18.0225
18.2534
18.323
18.1314
18.3459
17.8781
18.66
18.0254
18.4595
18.5049
18.8527
18.632
18.2257
18.4991
18.0161
18.387
18.2004
17.8065
18.4363
18.2942
18.47
18.4034
18.2793
18.4556
18.5116
18.601
18.3598
17.6837
18.3022
18.1564
18.1166
18.5239
18.3555
18.1341
18.4795
18.1767
18.3416
17.905
18.3819
18.4973
18.1791
18.1639
18.3692
18.4066
18.1862
18.573
18.4439
18.8832
18.7831
18.2885
18.1582
18.4396
17.776
18.3595
18.3441
17.8451
18.5369
18.4876
18.3456
18.2005
18.5112
18.3013
18.608
18.5906
18.3735
18.3923
18.5572
18.0355
18.5125
18.2918
18.2703
18.1159
18.334
18.5536
18.1489
18.4928
18.2682
17.8442
18.1228
18.3059
18.2181
17.9731
18.0616
17.7801
18.0538
18.3806
17.9772
18.272
18.4995
18.3826
18.3488
18.2493
18.2347
18.3268
18.4653
18.1923
18.5372
18.4967
18.3346
18.8508
18.6129
18.3535
18.0052
18.2992
18.6786
18.2028
18.6441
18.294
18.5677
18.3394
18.2818
18.1973
18.127
18.6425
18.2233
18.5203
18.0785
18.3684
18.0711
18.2831
18.4312
18.3993
18.5331
18.2806
18.3331
18.6079
18.4217
18.4099
18.4502
18.7578
18.0632
18.1367
18.4158
18.1133
18.0774
18.4556
18.3418
18.3539
18.2829
18.2982
18.3402
18.6914
17.8261
18.2346
18.6105
18.4882
18.2991
18.2925
18.6867
18.5818
18.0906
18.3602
18.3533
18.3746
18.745
18.1787
18.3249
18.586
18.3572
18.734
18.7514
18.261
18.3127
18.6051
17.9354
18.5198
18.509
18.0795
17.8892
18.3374
18.2419
18.2351
18.2939
18.2566
18.3741
18.0143
18.1656
18.2111
18.441
18.1198
18.3846
18.3992
18.3486
18.4438
18.1036
18.0151
18.6986
18.2221
18.5056
18.0661
18.3175
18.2695
18.5188
18.4432
17.7146
18.2822
18.227
18.1914
18.3809
18.6403
18.4452
18.4
17.954
18.4028
18.3105
18.2512
18.2712
18.2245
18.396
18.3529
18.3071
18.4987
18.2782
18.1253
18.4708
18.1291
18.4272
18.754
18.5784
18.4347
18.3296
18.3824
18.4243
18.1747
18.2169
18.1332
18.3556
18.3789
17.9456
18.3204
17.6978
17.9245
18.5565
17.9547
17.9504
18.133
18.2672
18.35
18.2628
18.021
18.3945
17.7695
17.8507
18.2309
18.3562
18.5087
18.7035
17.8965
17.7749
18.0457
18.0385
18.471
18.196
18.1854
18.4534
18.1236
17.816
18.1975
18.4109
18.2549
18.3435
18.2592
18.1503
18.5341
17.6146
18.4893
18.2521
18.2419
18.1594
17.8985
18.1127
17.9035
18.0352
18.0756
18.3825
18.4624
18.4307
18.2418
18.4544
18.3935
18.7256
18.0928
18.0841
18.2151
18.4018
18.6596
18.3321
18.1463
18.3935
18.2074
18.0586
18.3622
18.1253
18.4741
18.3068
18.2327
18.1042
18.2542
18.1902
19.0219
18.0091
18.0846
18.478
18.8007
18.0201
18.201
18.1359
18.8154
18.5939
18.432
18.725
18.6808
18.4904
18.4769
17.9595
18.6362
18.3377
18.523
17.9056
18.2205
17.9547
18.5569
18.2443
18.3876
18.4344
18.3085
18.2571
18.1949
18.3628
18.0069
18.0703
18.0608
18.096
18.1633
18.305
18.5751
18.1443
17.9306
18.3509
17.9761
18.4717
17.958
18.6962
18.8721
18.4137
18.2888
18.125
18.1968
18.5672
18.219
18.9668
18.017
18.3585
17.957
18.1422
17.9407
17.8615
18.269
18.1672
17.8639
18.2291
18.5027
18.3114
18.2234
18.0242
18.3859
18.1607
18.6293
18.1252
18.8912
18.3374
17.8921
18.2227
18.3157
18.58
18.692
18.1914
18.5503
18.1521
18.3972
18.4481
18.2424
18.189
18.5089
17.9855
18.5418
18.0105
18.4826
18.279
17.9954
18.1863
18.0112
17.7538
18.2813
18.4057
17.9926
