12.7743
13.0631
13.0432
13.0586
12.425
13.3884
12.8877
13.0344
12.8245
12.4954
12.7942
13.1109
13.1472
13.0023
13.0751
13.0992
12.8989
12.8996
12.9913
12.8664
12.9416
13.1536
12.9447
12.466
12.814
12.8126
12.5817
12.5903
12.8328
12.9298
12.9026
12.7892
13.1398
12.705
12.7798
13.1279
13.3364
12.8879
13.1239
12.9644
12.9055
12.7275
12.9014
13.1553
12.9248
12.9924
13.1419
12.6528
12.8762
12.9652
12.5079
12.9183
12.8071
12.7205
12.8172
12.9233
12.6407
12.6435
13.2055
12.5466
12.8261
13.129
13.0134
12.9588
13.2603
12.5232
12.6096
12.7502
13.0283
12.8491
13.0802
12.6335
12.6831
12.9074
12.9873
12.7481
13.0298
12.8351
13.0892
13.2258
12.5183
13.0789
12.8578
12.9066
12.5888
13.365
12.9652
12.6836
12.5363
12.7465
12.9203
12.8998
12.7257
12.6528
12.8735
12.8431
12.4711
12.7753
12.9176
12.6889
12.9859
13.0266
12.7762
12.9687
12.5638
12.9822
12.6813
12.9331
12.6868
12.9482
12.9964
13.1494
12.6818
12.7932
12.8137
12.8804
12.5359
13.0225
12.6865
12.9816
12.5946
12.9443
13.2134
12.9309
12.4363
12.8767
12.7148
12.9489
13.1988
12.928
12.5941
13.1439
12.5694
12.8592
12.575
12.9883
12.9801
12.7205
12.8873
12.64
12.67
12.9569
13.0729
12.8593
12.927
12.7401
12.3134
12.5791
12.4681
12.444
12.6891
13.0642
12.7925
12.5805
12.8203
12.7494
12.54
12.9977
12.7857
12.8872
12.5101
12.7892
12.7035
12.8643
13.0201
12.4612
12.9064
12.8839
12.8287
12.8392
12.8163
12.9738
12.9999
12.8702
13.0575
12.8498
12.6129
12.4151
12.8475
12.7371
12.8074
12.9088
13.0707
13.0175
12.8966
12.574
12.7594
12.8512
12.8198
13.1228
12.4301
12.7491
12.7658
12.5041
12.473
12.8933
12.7163
12.8684
13.2879
13.1663
12.909
12.7338
13.0063
13.05
13.0721
12.9615
13.4323
13.1151
13.3317
12.8107
13.1217
12.7514
13.0913
12.5881
13.1769
12.6359
13.4533
13.2426
13.0496
13.5346
12.5384
13.1177
12.8745
12.967
13.189
13.1109
12.68
12.8157
13.0129
13.1641
13.1724
13.0909
13.3316
13.266
13.1483
12.8657
13.1522
12.8468
13.0157
12.8329
13.137
13.0911
13.1835
12.9962
13.0221
12.8447
12.8565
12.9881
12.9061
12.7687
12.7707
13.1561
13.4321
12.784
12.9933
13.2291
12.6684
12.5099
13.0156
12.8389
13.1286
12.6426
13.0977
12.851
12.694
12.9626
13.1816
12.6166
13.5385
13.0458
13.18
13.4663
13.3448
13.0769
13.1447
12.5994
13.5129
12.7178
12.8046
12.7549
13.1479
13.1371
13.1486
13.1203
12.8155
13.3282
12.8589
12.8847
12.7577
13.063
12.8752
12.8736
12.9782
12.5012
12.9963
12.7643
13.3861
13.0141
12.9081
12.9053
13.2367
12.7126
12.9856
13.1385
13.1204
12.6974
13.0113
12.9449
12.6224
12.8831
12.9515
12.9609
12.8846
12.9566
12.7888
13.011
12.6684
12.9
12.5838
13.1643
12.998
13.1463
12.7219
13.1463
13.1147
12.938
12.8877
13.0201
12.8006
12.8737
12.8879
13.2271
13.2139
13.0524
12.8912
13.0095
13.2311
13.0343
12.9656
12.7337
12.818
12.7124
13.0607
12.6102
12.8624
12.6483
12.8561
12.7502
13.0528
12.9696
12.8988
13.1192
13.4131
12.8911
12.8311
12.764
13.0489
12.8083
12.9294
13.1495
13.147
12.768
12.9067
12.9681
12.852
13.3298
13.1768
13.2692
12.6768
12.9783
13.1235
13.1196
13.1331
12.9354
12.7506
13.3794
13.0499
13.1734
13.1857
12.9893
12.7478
12.9712
12.9382
13.3877
12.9519
12.9755
12.8321
12.2781
12.8324
12.4645
12.9789
13.249
13.0222
13.0496
13.0183
13.0046
12.9788
13.1851
12.9731
13.4031
12.8207
12.5944
13.1912
12.6717
12.8077
12.9854
13.0093
13.342
13.1055
12.8352
13.4116
12.9316
12.6718
12.924
13.0455
12.7224
13.3595
13.0917
12.9193
12.8609
12.726
12.6514
12.7795
12.8047
13.4364
12.6186
12.9472
12.673
12.8609
12.895
12.6444
13.1294
13.4449
13.1521
12.318
12.9823
12.7694
13.1703
13.3678
12.9613
12.7053
12.8568
13.0922
12.9206
13.0771
12.7032
12.4308
13.0141
13.0041
12.8436
12.9384
13.1021
13.1306
12.8859
12.9223
13.0176
12.4793
13.054
13.014
13.109
13.3549
13.0594
13.0942
12.8163
12.7074
12.6911
12.5836
13.3014
12.8931
12.7323
12.9689
12.9443
12.9091
13.1465
12.83
13.07
12.8772
13.032
12.9393
13.2044
12.8157
13.1375
13.2813
13.0604
12.6509
13.0638
12.9013
12.5971
12.7344
12.8808
12.9217
13.0614
12.9317
12.9349
13.117
13.0896
12.776
13.2423
13.0191
13.1353
13.2812
12.3533
12.5585
12.4747
12.7079
12.4742
12.6912
12.4807
13.0573
12.5822
12.6016
12.6325
12.8583
13.3734
12.6369
12.7843
12.7819
12.9083
12.6365
12.7604
12.897
12.5279
12.8906
12.6499
12.9291
12.5709
13.2359
12.7366
12.7282
13.2128
13.0516
12.8927
12.7112
12.7288
12.8206
12.8065
12.9214
13.061
13.0875
12.6936
13.2403
12.7433
12.6933
12.8412
12.9502
12.4724
12.613
13.0242
12.699
13.1734
12.5352
12.8976
12.832
12.951
12.8836
12.9957
12.7911
12.909
12.9491
13.0526
12.9563
12.9738
12.9696
12.566
12.9434
13.1557
13.032
12.5723
12.9406
12.6137
13.1926
12.8441
12.7853
12.9726
13.1608
12.7871
12.9077
12.8582
12.9659
12.9943
13.0185
12.6754
12.8648
12.9267
12.9226
13.2518
12.9126
13.135
13.0549
12.7012
12.9787
13.2577
13.2728
12.901
13.308
13.0878
12.6506
12.6755
13.2454
13.1295
13.0122
13.0028
13.3503
13.0373
13.0169
13.2684
12.5884
12.8114
12.9002
12.5585
13.0628
13.2117
12.9216
12.8935
12.9961
13.0839
12.635
12.8831
13.4
13.1128
12.5334
12.9102
13.1338
12.7706
13.1714
13.2852
12.6637
12.6906
13.1248
13.0205
13.3452
13.0852
12.8784
13.6558
12.7347
12.2674
13.1337
13.0346
12.9198
12.8794
13.0516
12.7169
12.6152
13.2374
13.0542
12.6581
13.1922
12.8312
12.9521
13.3973
12.9308
12.3614
12.9949
12.6458
13.3494
13.2804
12.9243
12.6281
13.0439
13.0354
12.8186
13.0402
12.8957
12.8541
13.088
12.7807
13.1121
13.1439
12.9734
12.916
12.8414
12.9889
12.6025
13.1938
12.8909
13.0535
12.8975
12.8444
13.0084
13.0704
12.7001
12.6486
12.6202
12.1733
13.0335
12.6759
12.8099
12.8383
12.5485
12.92
12.8255
13.0676
13.1224
12.6701
12.8985
12.7143
12.6305
12.4196
13.0542
13.1494
12.764
12.8703
12.8876
12.9217
13.3141
12.2886
12.7963
12.8252
13.1169
12.8853
12.899
12.983
12.9743
13.0135
12.8104
12.8387
12.7364
12.6175
12.7656
12.8437
12.5592
12.7125
13.1761
12.773
12.7978
13.0298
12.6486
13.1264
13.3021
13.0656
12.7792
12.7989
12.6063
13.0974
12.7019
12.5883
12.9776
13.0353
12.8145
12.9632
12.8511
12.6728
12.753
12.7835
12.5983
12.4246
12.9918
12.6253
12.7958
13.0036
13.0171
13.0222
12.7495
12.5546
12.79
12.6578
13.0726
12.769
12.8518
12.9849
12.7008
12.9452
12.7889
12.6406
12.75
13.0984
13.0962
13.1465
13.2694
13.2225
12.8053
13.2404
13.0846
12.464
13.0832
13.3804
12.9734
13.1578
13.0459
12.6971
12.8198
12.8993
13.1934
13.1247
12.9946
13.2486
13.0894
12.8842
13.1975
13.2421
13.2078
12.6788
13.1787
12.7762
13.149
12.7313
12.9757
13.0515
12.6848
13.2677
12.8226
13.1858
13.3541
13.3482
12.9815
13.1556
13.2595
12.8609
13.0731
13.0858
12.3903
12.7413
12.4602
13.0891
13.1111
12.877
13.2705
12.9627
13.0866
12.8856
12.9369
13.0284
12.8956
12.9095
12.8225
12.6503
12.5949
12.8932
12.4389
12.9037
12.9987
13.3658
12.9539
13.1292
13.0128
12.8842
12.8736
13.3842
13.062
13.0243
12.7516
13.2069
12.991
13.2854
13.0025
12.4434
13.1607
13.1079
13.4355
13.3078
12.8567
12.9312
13.0718
12.9954
13.2692
12.7806
12.828
12.9969
13.1864
13.0143
12.8932
12.8255
12.9073
12.7714
13.013
13.0553
13.0281
13.2619
13.2253
12.6915
12.9846
12.8301
13.1364
12.9788
13.0001
13.0022
13.0731
12.9893
13.0431
12.6078
12.3313
12.8566
12.9839
12.7678
12.8852
12.9916
13.0366
12.8431
13.2939
12.7646
12.8037
12.8369
13.1294
13.033
12.8737
13.195
12.7525
12.4672
13.0796
12.7415
12.7276
12.8334
12.6691
13.1247
12.9384
12.8795
12.6943
12.9274
12.967
12.7225
13.1718
12.871
12.4787
12.8603
12.7443
12.7684
12.6252
12.6046
12.7525
13.0588
12.9305
13.1517
13.089
13.3537
12.9222
13.0986
12.91
12.6657
13.0408
12.4433
12.7901
13.0602
12.7725
12.6139
12.822
12.5371
12.8554
12.975
12.8137
12.9289
12.5146
12.5154
12.7046
12.8511
12.7854
12.4526
13.2917
12.8207
13.3118
12.8345
12.4825
12.9346
12.5716
12.8092
12.9414
13.0663
12.836
12.8737
12.8206
12.8936
12.3397
12.8823
12.7767
12.9497
13.0264
13.065
12.8308
12.635
12.8459
12.7465
12.8553
12.7391
13.069
12.9929
12.8857
13.0196
12.9468
12.9932
12.8548
12.8034
12.5387
13.0837
12.9035
12.5588
13.04
12.8146
12.8024
13.1689
12.9194
12.7801
12.9478
12.9094
13.1292
13.1751
13.0232
12.649
12.5661
12.5672
12.9344
13.1425
12.8531
12.8633
12.8706
12.7941
12.5788
12.5883
12.6063
12.7494
12.845
12.676
13.2247
13.0433
12.6399
12.8086
13.4275
13.0206
13.2452
12.7869
12.9205
12.8184
13.061
12.8569
12.9842
12.9657
12.6336
12.9702
13.1455
12.6572
13.1745
13.0133
12.6738
12.5635
12.4588
12.7459
12.8073
12.8705
13.0987
12.8918
12.9629
13.181
12.7452
12.7348
12.7447
12.877
12.9378
12.554
12.9344
13.1103
12.7277
12.7541
12.7444
12.6842
13.1493
13.3078
12.6137
13.0109
12.4333
12.7033
12.5762
12.4957
12.555
12.6944
12.6568
13.2575
12.8175
12.7901
12.7667
12.8247
12.6078
13.112
12.7294
13.0195
12.9863
13.0566
12.6254
13.019
12.7056
12.5192
12.4438
12.9747
13.2896
13.0708
12.8744
12.9788
12.9595
12.9098
12.894
12.7674
13.0892
12.4278
12.4859
12.7792
13.0141
12.4983
12.9539
12.7937
12.9301
12.8951
13.2413
13.2041
12.1957
12.4711
12.8081
12.7019
13.167
12.6151
12.7415
13.0906
12.8766
12.8181
12.5219
12.3861
12.81
12.8465
12.9965
12.8359
12.7489
13.1807
12.7422
12.6543
12.5356
12.3902
13.2722
13.3553
13.6514
13.0989
13.2816
13.1377
12.9923
13.1851
12.7819
12.7325
13.1534
12.7531
12.805
13.1428
13.2687
13.0079
12.7068
13.4052
12.9888
13.1619
12.9988
13.1441
12.9826
13.0392
12.6634
12.8968
13.0943
13.4597
12.9987
13.2676
13.1149
13.2499
12.9127
13.1732
13.4655
13.1915
13.1369
13.106
12.9961
13.0596
13.1027
12.9961
12.9443
13.2867
13.0908
12.946
13.2518
13.371
13.141
13.3626
12.7832
12.8086
13.3458
13.1454
12.661
13.0904
12.8989
13.2085
12.891
13.2598
13.1335
13.0304
13.1962
13.2521
13.3505
13.2058
13.197
13.1066
13.0441
13.4633
13.0538
12.4188
12.848
13.236
12.8496
13.0665
12.7788
13.1917
13.4839
13.2573
12.8781
12.8763
13.1223
13.1047
12.8265
12.8613
13.2393
12.9145
12.6762
12.7511
12.6384
12.9716
12.6971
13.0114
12.8276
13.2717
12.7829
13.0289
13.0626
13.0693
13.0218
12.9198
12.7584
12.993
13.1615
12.7854
12.6454
13.0449
12.993
13.2494
12.9379
13.126
13.0059
12.9721
13.0205
13.1259
13.1652
13.0696
12.8254
13.1927
12.8382
12.6823
13.1033
13.3686
12.7551
12.9099
13.2511
12.6172
12.4648
12.5252
12.7913
13.0481
13.5331
13.1927
12.8845
12.6039
12.6023
13.24
12.9398
13.1609
12.8433
13.0849
13.117
12.9043
12.9782
13.0432
13.0738
13.0518
13.2851
13.0108
12.9128
13.2009
12.4789
13.0177
13.1684
13.1492
12.7791
12.7219
12.8753
13.3047
12.8501
12.7094
13.0192
13.0155
13.205
13.0477
13.0775
12.6805
13.23
12.7874
13.003
12.6044
12.934
12.9388
13.1087
13.3033
12.7181
13.0467
13.2974
12.8696
13.2681
13.0722
12.8557
13.3061
13.406
13.5093
12.7237
13.2407
13.1196
12.8748
12.8464
13.4288
13.2086
13.0894
12.6501
12.9316
13.1911
13.104
13.0792
13.096
12.977
13.2775
13.2725
13.3434
13.2627
12.7151
13.1808
12.9593
13.5077
12.8912
13.1516
13.2834
12.7947
12.5443
12.8887
13.0906
13.4464
13.4919
13.3277
13.4
13.3655
12.9261
13.0298
13.1383
12.6369
12.9979
13.0023
13.0969
12.9016
12.9294
13.0951
13.0874
13.114
13.5508
13.4169
13.6018
13.1844
13.0099
13.02
13.2513
13.5679
13.1336
13.1421
13.5542
13.3001
13.0466
13.0947
12.8793
13.4651
13.2385
13.2751
13.0925
13.4796
12.7839
12.9031
12.8766
13.0759
13.1142
12.604
13.35
12.6103
13.1593
13.2891
13.2016
13.3625
13.0599
12.8406
13.3983
12.9097
13.1268
12.7477
13.0098
12.9715
13.24
12.7664
12.8979
12.9325
13.2525
12.8289
12.9658
13.0167
13.9384
12.5365
13.1403
12.9106
13.1583
12.8686
13.1998
12.9509
13.2612
13.127
12.5536
13.1539
12.9924
13.1413
13.15
12.9198
12.5425
12.8364
12.9683
13.0941
12.9991
13.0039
13.3992
12.7077
12.702
13.3752
12.7034
12.9754
13.3096
12.8089
12.887
12.9018
12.6689
12.9934
12.7601
13.1868
13.2968
13.3464
12.924
12.6734
13.0716
12.9449
13.0795
12.9452
13.0786
12.8835
12.8835
13.1063
12.8292
12.5302
13.4494
13.0124
13.1539
12.9058
13.0816
13.2013
13.0471
12.9828
12.8316
12.8792
12.9171
12.6398
13.0643
12.873
12.8238
12.941
12.8602
12.9089
12.9266
13.1315
12.8707
12.7744
13.0399
12.4099
13.2233
13.2026
12.8416
12.7306
13.101
13.3294
12.7845
13.0276
13.27
12.953
12.5569
13.2617
13.0184
13.1943
12.5354
12.7953
12.8722
13.1041
12.7803
12.7275
13.6665
12.7067
12.6874
12.8769
12.8502
12.6995
13.2817
12.7171
12.8974
12.8568
12.9009
12.4418
12.9134
12.6504
13.1935
12.9021
13.0026
12.6463
13.2605
13.0494
13.0662
12.4732
13.3527
13.1316
13.049
13.1079
12.8826
13.3317
12.8445
13.0549
12.9625
13.193
13.0153
12.9533
13.1142
12.7431
12.9928
12.9103
12.8203
13.2084
12.7685
12.8823
13.0975
12.6616
13.3351
12.8529
12.7289
12.5696
12.4812
12.6821
13.1541
12.9445
13.3198
12.7752
12.7552
12.7076
12.7621
12.7759
13.2802
12.8497
12.7214
13.1321
13.2663
13.2567
12.9539
12.8674
13.0865
12.8682
13.335
12.9714
13.3944
13.097
12.9296
12.9922
12.6311
12.9637
13.0486
12.9017
13.2062
12.7677
13.1744
12.6256
12.8189
12.4778
12.8638
13.0288
12.6429
12.8709
13.0714
12.9565
13.2233
13.2103
13.1754
13.2304
12.8568
12.9416
12.9742
12.9044
13.3343
12.5685
12.8101
12.8518
13.394
12.8745
12.7019
13.1521
12.9287
13.3894
12.8551
13.3886
12.9345
13.2312
13.3462
13.3711
13.418
12.3936
12.7507
13.0735
13.0501
13.1343
12.7651
13.0213
13.3815
13.5712
12.8706
12.8721
13.3964
13.2107
12.9484
12.8956
13.1844
12.9098
12.7796
12.8096
12.9822
13.0994
13.1621
13.2851
13.0081
12.6526
12.8914
12.6416
13.0982
13.114
13.4334
12.9109
12.7059
12.8783
12.9317
12.7522
12.9849
12.9341
13.0578
12.6462
12.9524
12.7192
12.9343
12.8284
12.8403
13.0879
13.0972
12.674
12.3717
12.7795
12.6414
13.0707
12.9236
12.6579
12.276
12.8178
12.812
12.9401
13.0033
12.8533
13.1318
13.0376
13.1113
12.8018
12.5965
12.8639
12.9575
12.7
12.7972
12.7731
12.69
12.664
12.4418
13.091
12.4308
13.2532
13.0593
13.0682
12.6997
12.9284
12.8545
12.9825
12.799
13.0297
13.1799
12.6898
12.9373
12.48
12.7236
12.6129
12.7297
13.205
13.1916
12.9906
12.8925
12.5309
12.5408
12.7589
12.5331
12.8493
12.8693
13.2899
12.7767
12.7858
13.0491
13.0212
12.8328
12.6421
12.6825
13.2342
13.0566
13.0385
12.6923
12.4519
12.5411
13.1589
12.5063
13.0863
13.2191
12.9177
13.024
12.9329
13.3479
13.118
12.9201
12.9312
13.1167
13.1183
12.3973
13.1546
12.9105
12.7935
12.8568
12.5968
12.9426
12.8215
12.898
13.0138
12.604
12.9241
12.8043
13.0072
13.0139
12.8987
12.8939
12.5389
12.8266
12.9847
13.0013
13.0528
13.0039
12.9974
12.8474
12.7784
12.8676
13.1525
13.0292
12.9917
12.5956
13.0604
13.0355
12.9992
13.0307
12.6056
12.942
12.7494
12.9029
12.8448
12.9372
13.0934
12.6304
13.2193
12.6953
12.8786
13.1346
12.8538
12.9985
12.779
12.8252
12.7094
13.3223
12.8736
12.8367
13.0649
13.038
13.0789
12.9255
13.1059
13.1005
12.8377
13.1018
13.1526
13.0951
12.9204
12.8936
12.6634
13.0851
13.1555
13.3474
13.0651
13.0592
13.0797
13.091
13.094
12.973
13.4777
12.7925
12.9072
13.1296
12.9402
12.8864
13.1732
12.9513
12.8163
12.8858
12.9495
12.9156
12.6039
12.9521
13.1272
13.0251
13.3426
13.2484
12.9967
12.623
13.2204
13.3128
13.3357
13.1342
13.076
12.6264
13.1159
13.2663
13.4198
12.9252
13.3897
12.7579
13.0754
13.0143
12.9701
13.1136
13.0647
12.8401
12.7526
12.9833
13.2001
13.1554
13.0325
13.1014
13.3419
13.3113
12.6706
13.3451
12.8563
12.8977
12.6115
13.0715
12.7835
12.9212
12.8852
13.1307
12.7446
12.804
12.7524
12.5764
12.8543
13.1618
12.8941
12.6356
13.2558
12.6863
12.9851
12.9831
13.099
12.9491
13.1132
12.5113
12.9473
13.1189
13.0936
12.7697
12.627
12.8223
13.1182
12.9314
12.963
13.0031
12.5847
12.8318
12.8394
13.0308
12.5557
13.2016
12.9956
13.1289
12.6996
12.8152
13.2126
13.112
12.8585
13.1134
12.8243
12.5812
12.6257
12.6205
13.2751
12.8372
12.8314
12.7815
13.0135
12.8689
13.6698
13.1992
13.2759
13.1698
12.8781
13.3482
12.5856
13.1271
12.5926
12.7067
12.8654
12.9061
13.2126
12.907
12.8722
13.316
13.0441
13.0977
12.7845
13.0709
12.8673
13.2902
12.5347
13.0575
12.5908
13.1062
12.8523
13.1989
12.5729
13.6726
12.9369
12.9316
12.8911
13.0894
13.1182
13.0722
13.1484
13.1567
13.3138
13.3155
13.2801
13.2594
13.0288
12.73
13.2225
12.8789
12.9435
13.0303
13.4512
13.3597
12.8743
13.2719
12.9488
13.3203
12.8724
13.0312
13.0764
12.7753
13.3343
13.18
13.1159
12.9764
13.3676
13.0594
13.6064
12.7367
12.5461
13.2322
13.344
13.1005
13.0505
12.9947
13.1067
12.7793
13.1125
13.3306
12.9291
13.3293
12.9966
13.4515
12.8728
13.3947
13.1919
12.6737
12.8227
12.9545
12.4801
12.986
13.6215
13.2254
12.778
12.9596
13.1225
13.0909
12.9993
12.9802
13.4871
13.3166
12.6953
12.8892
13.0672
12.8464
13.2839
12.8332
12.6181
12.9226
12.8879
13.1107
13.1799
12.6294
12.9108
13.1652
13.0202
12.8798
13.2494
12.1183
13.3212
13.3027
12.9004
13.0762
12.7378
13.2825
13.3188
12.7295
12.8586
12.7837
12.7112
13.0395
13.1069
12.4865
12.7886
12.9227
12.9301
12.5859
12.8578
13.0335
13.0847
12.8772
12.9844
13.0686
13.3142
13.0691
13.2839
12.8369
13.1638
12.85
12.6837
12.9595
13.1271
12.5866
13.0751
12.7331
12.5729
12.9619
13.1162
13.1379
12.7581
12.9037
12.84
13.0857
13.1357
13.0815
12.8079
12.9353
13.3284
12.6992
12.4355
12.7804
13.283
13.195
13.0258
12.795
13.0935
12.9555
12.8525
13.0161
12.6996
12.7948
13.0118
12.9714
13.1809
12.735
12.6942
13.0942
12.971
12.5119
13.076
12.8621
12.8079
12.7344
12.8173
12.9801
12.6822
12.5814
12.9577
13.3046
13.0397
13.0178
12.733
13.0757
12.7352
12.9507
12.899
13.0823
12.6131
12.4011
13.112
13.1851
12.7619
12.9774
12.762
13.0223
13.29
12.612
12.8174
12.7455
12.3378
12.8002
12.7445
12.7978
12.703
12.8532
12.8217
12.8923
12.6707
13.2512
12.8223
12.9486
13.0959
12.9657
13.2989
13.3106
13.0441
12.7913
12.8455
13.31
12.9467
12.433
13.0888
12.9586
13.0165
12.7002
12.9259
12.6713
13.0072
12.9583
12.8159
12.6367
12.6028
12.9938
12.7302
12.6104
12.9137
13.0727
13.2482
12.9718
12.8263
13.2362
12.6313
12.9864
13.2247
12.9795
13.3402
12.93
13.1274
13.1267
13.3137
13.1367
13.2738
12.8071
12.8818
12.8838
13.0413
12.626
12.9575
13.1809
12.8331
13.1664
12.8539
12.8548
13.385
13.0559
12.7983
13.0063
12.749
12.7393
12.8734
12.9209
12.9799
12.9198
12.6478
13.1378
13.3572
13.1375
12.8651
12.8309
13.1719
13.1763
12.6212
13.1887
12.8851
13.015
12.9574
12.9591
13.101
13.0253
12.8273
13.06
13.0187
13.4162
12.961
12.8759
13.063
13.2119
12.935
13.0625
12.9709
13.0748
13.0767
13.5037
13.1553
12.8347
13.1954
12.8193
12.7096
12.8913
12.9414
12.8248
12.545
12.8524
13.1921
12.9153
12.5766
12.7226
12.7951
12.6873
12.5532
12.7117
12.7729
12.7821
12.709
12.6703
12.8889
12.4438
13.0201
12.5415
12.7373
12.9103
12.703
12.9284
12.9577
12.7129
12.8177
12.6214
12.4769
12.6047
12.6407
13.1047
13.2747
13.0645
13.0367
13.1436
12.8507
12.7861
12.9355
12.8674
13.1603
13.1145
12.6852
12.8821
12.7871
12.5627
12.8024
12.6818
13.2521
13.0212
12.5964
12.8604
12.767
13.0267
13.1505
12.6785
12.9185
12.7266
12.8949
13.0111
13.2825
12.9451
13.1035
12.6118
12.4211
13.1824
13.0967
12.839
12.7034
13.2239
12.6673
12.6888
13.0444
12.3116
12.9523
13.1057
13.4242
12.8677
12.6889
12.8774
13.0824
12.3697
12.9105
12.7959
13.0474
13.1528
13.0067
12.9609
12.7494
12.6838
12.8975
12.7065
12.6813
13.1903
13.1107
12.1142
12.8532
12.3251
12.9387
12.9479
12.8425
13.2297
12.5714
13.0445
13.1318
12.976
13.1834
12.7303
13.0626
12.9246
12.6882
13.0614
13.0624
12.6737
12.6966
13.2044
12.8009
12.9535
12.7539
12.8685
12.9086
13.3307
12.9959
13.0822
13.1604
13.01
13.1201
12.7972
13.4711
12.4494
12.779
13.0651
12.9955
12.9417
13.0663
12.7642
12.8038
13.3578
13.1717
12.5866
12.6518
13.2558
12.5725
12.8313
12.5444
12.9181
12.9989
12.8545
13.0311
12.9511
13.2046
12.8213
12.967
12.5326
12.8669
12.8386
12.7723
12.9231
12.7106
12.7689
12.8264
12.9804
12.6054
12.5678
13.0338
12.7767
12.6109
13.1541
12.688
12.6156
13.0799
12.8262
12.5264
12.9903
12.9619
13.082
12.8479
12.8146
12.8583
12.939
12.7641
13.0015
13.3099
12.9531
12.7314
12.8181
13.1618
13.097
12.7612
12.697
12.738
12.9553
13.1519
12.8446
13.0583
13.083
12.8189
12.7205
12.399
13.0024
13.2684
12.7552
12.6504
13.0351
12.6926
13.143
12.6374
12.8592
13.0644
12.793
12.8013
12.7603
13.0441
12.3518
12.7325
12.8272
12.4402
12.6907
12.9633
12.9975
12.5598
12.6797
12.8119
12.8811
12.8444
12.7138
13.0048
12.951
13.0899
12.8808
12.8245
12.7342
12.8048
13.1474
13.0391
12.9451
13.0223
13.0893
12.7341
12.6249
13.2158
12.7411
12.9224
13.0592
12.6558
12.4699
12.944
12.8169
13.0432
12.6318
12.4504
12.8074
12.9823
12.5265
12.3285
12.577
12.8081
12.9546
12.857
13.1724
12.8501
12.9039
12.7705
12.7541
12.8766
12.7558
12.7279
12.9284
12.9291
13.1207
12.7402
12.5962
12.888
13.166
12.7453
12.916
12.5932
12.7944
12.958
12.9275
12.7763
12.7486
12.7399
12.735
12.9438
12.6177
12.595
13.0679
12.9232
13.0583
13.0712
12.8746
12.8492
13.1749
13.2899
13.0611
13.179
12.9582
12.634
13.3954
13.1617
12.9839
13.2027
13.2157
13.0247
12.8666
12.9944
12.864
12.8992
13.0634
13.0067
12.8342
12.7072
13.2744
13.0244
13.4025
13.1295
13.4001
12.9556
12.8008
13.1171
13.2406
12.876
13.3964
12.6648
12.9522
13.081
12.8453
12.816
13.0791
12.8282
13.1875
13.2855
13.2786
12.9787
12.8857
13.0685
12.9229
13.0245
13.3315
12.8937
13.4203
13.2208
12.7399
12.922
12.8731
13.2446
13.199
13.0733
13.3175
13.3718
13.0422
13.137
12.8005
12.9405
12.7908
12.8544
13.2856
12.8887
13.1207
13.0654
12.7561
13.1709
13.356
13.1641
13.1113
13.1414
12.9909
13.4879
12.8831
13.2667
12.7812
12.9626
13.1662
13.3519
12.9264
12.959
12.9921
12.8774
12.8079
12.9507
12.856
12.7045
13.1527
12.965
12.8048
13.1036
12.9906
13.0537
13.0606
12.8527
13.0005
13.2563
12.9473
13.1616
13.0103
13.0691
13.0519
13.0767
13.1221
13.1762
12.3848
12.9353
13.3084
12.8619
12.8828
13.2371
12.6481
12.6157
12.8544
13.2041
12.9888
12.9404
12.9385
12.9947
13.3698
13.0991
12.7307
13.2416
13.0724
12.4586
13.1087
12.9743
12.8726
13.0262
12.7913
12.7738
12.7107
12.9506
13.019
13.1784
12.8808
12.8586
12.9966
12.6983
12.9443
12.9387
12.6202
13.2562
13.1564
12.8029
13.3871
12.5895
13.3134
12.5673
12.7706
12.6885
12.7988
12.598
13.0083
12.7074
13.0291
12.8974
12.7333
12.7412
13.1947
12.835
12.9276
12.7761
12.7532
13.2972
13.0341
12.6804
12.8618
12.7791
12.8311
13.2659
13.2565
13.1331
12.6069
13.0086
13.0982
13.0881
12.7604
12.5884
13.0272
12.8562
13.0221
12.7844
12.8378
12.8134
12.7648
13.0556
12.5431
12.6348
12.9728
13.1994
12.8719
12.7252
12.8242
12.738
13.1772
12.8019
12.9777
12.8187
13.073
13.4219
13.0656
12.6164
12.725
13.2994
13.4301
13.2133
13.2984
13.4155
12.6876
12.6545
13.0473
12.9351
12.8588
12.4341
13.2726
12.985
12.6018
13.1274
13.1554
12.9836
13.5739
13.1126
12.7703
13.029
12.8969
12.9241
12.8264
12.9918
13.0987
12.8534
13.2883
12.7216
13.2409
12.9894
13.2262
13.1695
13.0134
13.0938
13.2091
12.8607
13.0982
12.8635
13.3197
13.0332
12.5306
13.1087
12.8054
12.9252
12.9069
12.954
12.8763
13.1816
13.1648
12.2833
12.7814
13.238
12.978
12.6353
12.5696
13.0216
12.8895
13.0861
12.8333
13.3038
13.4927
12.8183
13.0333
13.0698
12.7754
12.4913
12.6004
13.111
13.1481
12.7468
12.6683
13.0529
12.892
12.8609
12.9278
12.8194
12.7609
12.6069
12.6866
12.9879
13.4734
12.5863
13.0477
12.6735
13.2727
12.7706
12.9438
12.8884
12.7367
12.9143
12.7356
12.8825
13.0695
12.797
12.3729
12.7839
13.2542
13.0937
13.1457
13.0543
12.6034
13.2071
13.0679
12.967
12.6406
12.8266
12.9747
12.7882
12.9726
12.9865
12.778
12.5442
12.9574
13.1405
12.9807
12.5283
13.2518
12.8327
12.6701
12.8433
12.2742
12.7749
12.5665
12.4546
12.7808
12.9305
12.6935
12.9154
12.9221
12.9742
13.1504
13.1791
12.7977
12.7302
12.6388
12.8312
12.4513
12.7089
13.0325
12.8827
12.9086
12.5378
12.9717
13.0892
13.2586
13.3322
12.815
13.0936
12.852
12.5233
12.9518
12.9351
13.0391
12.7609
13.1128
12.8185
12.5152
12.7534
12.6274
13.1956
12.7181
13.0476
13.0614
12.7871
12.8859
12.548
12.697
12.9155
13.0806
12.2923
12.7537
12.5846
13.0324
12.8085
12.7554
12.7245
13.3313
12.7762
13.1612
12.864
12.7339
12.6475
12.7923
13.022
13.1761
12.963
12.9476
12.8204
12.8585
13.0786
12.8293
12.6945
12.8265
12.8563
12.423
13.085
12.7399
12.7161
12.9826
12.5337
13.0574
13.016
12.7534
12.7548
12.469
12.8397
12.9795
12.7117
12.693
12.9925
12.9503
12.9396
12.8263
13.0532
12.6447
12.7298
12.7115
12.8635
12.984
12.6307
13.1106
12.6803
12.9288
13.4762
13.1128
12.9718
12.4896
12.4793
12.4032
12.8701
12.9046
12.8035
12.7674
12.8392
13.0457
12.9609
12.6889
12.9718
12.7779
13.1004
12.9795
12.5404
13.3015
12.8892
12.5584
12.783
12.6133
12.6853
12.9637
12.7017
12.9612
12.5162
13.2022
12.9509
12.8609
13.0524
12.6423
12.7881
12.5794
12.9421
13.0226
12.7082
12.8465
12.9268
12.4931
12.4128
12.7195
13.1912
12.9772
12.8459
13.0761
12.9258
13.0196
12.7885
12.757
12.8971
12.8089
12.7241
12.8027
13.0809
12.7866
12.5816
12.9874
12.8451
12.7495
13.0221
13.0949
13.1508
12.89
12.2853
12.7346
12.6112
13.2696
12.3275
12.5033
12.6479
12.7971
13.2685
13.0872
12.609
12.9666
12.8818
13.0858
12.2149
12.6131
13.1007
12.5073
12.5737
12.7711
12.8967
12.672
13.2962
12.5276
13.3534
12.7144
12.8095
13.2584
12.819
13.1983
12.7863
12.6526
12.9741
12.7374
13.1901
12.9818
13.1379
12.71
12.9653
13.3197
13.1968
12.8716
13.4171
13.3436
13.1577
13.2611
12.8989
13.1459
12.9833
13.0587
12.8373
13.063
12.7384
12.743
12.8084
12.75
12.9622
12.6601
12.7356
13.0705
12.641
12.9946
13.0127
12.5979
13.1885
13.2124
12.9905
13.0597
13.2698
12.9304
13.0481
12.6022
12.7258
13.3982
13.3812
13.1577
13.2332
13.1118
12.5025
12.622
12.6331
13.1336
12.8617
12.6157
13.3943
13.0648
13.1052
13.4107
12.8883
13.0597
12.9497
12.9452
13.0236
12.9523
12.9013
12.9434
12.9574
12.5321
13.453
13.044
13.6004
13.2501
13.1861
13.0937
13.091
12.9846
12.7141
13.1247
12.8195
13.0202
12.9399
13.0229
13.2999
12.8774
13.095
12.8218
13.0441
13.1384
12.8728
13.1027
13.2989
13.4694
13.1662
13.3021
12.9572
12.6266
13.0096
13.3782
13.0814
13.2465
13.1249
12.7557
13.182
13.1109
13.3253
12.9392
12.8427
13.5291
12.89
12.9159
12.6996
12.6334
13.0795
13.0014
13.0801
12.9535
12.7279
13.0486
13.1166
12.7365
12.6553
12.8285
12.8671
13.05
12.9327
12.8778
12.3892
12.7332
12.968
13.0406
12.7542
12.6322
12.8012
12.9246
12.7797
12.3305
12.605
12.8204
12.6606
12.8175
12.7602
12.8153
12.7439
13.0518
12.8016
12.7837
13.2897
13.1973
13.0713
12.5381
12.8928
12.8823
12.8733
12.8508
12.5042
12.7216
12.8386
12.9231
12.9771
12.7825
12.7539
12.7407
13.056
13.2854
12.7835
12.9289
12.6815
12.9615
13.0666
12.8275
12.8335
13.322
12.9886
13.2998
13.2529
12.7543
13.0822
13.2101
12.9499
12.837
12.8966
12.6434
13.2188
12.7918
12.6224
12.8341
12.866
13.0521
13.0152
13.0802
12.888
12.6965
12.8823
12.6944
12.8118
12.992
12.866
13.1015
13.3509
12.9983
12.8593
12.969
12.6065
12.8228
12.759
12.6136
13.4088
13.0326
13.0023
13.0625
12.7546
12.869
13.0457
12.8029
12.9681
12.7759
13.0372
12.8889
12.847
12.7859
13.011
13.1699
12.9021
12.733
13.2354
12.8477
12.8345
12.8728
12.9851
13.2612
12.6618
12.6776
12.8573
13.4303
13.0064
12.366
13.109
12.857
13.2591
12.979
12.7107
12.7495
12.5803
12.8479
13.2635
13.2337
13.2005
12.9498
13.2282
13.0057
12.9198
13.408
12.8213
12.842
12.4534
12.8104
12.8924
12.7863
13.3218
12.9241
13.0953
13.0712
13.0735
13.0864
13.0504
12.9681
13.1543
13.0768
13.0853
12.9708
12.9757
13.2056
13.3346
12.874
12.8293
13.1465
13.1268
13.3298
13.2612
12.6577
12.8866
13.0911
12.9838
12.7116
13.1986
12.9246
12.8681
12.8865
13.1794
13.3485
13.1032
12.5008
13.0009
12.6645
12.6413
13.2227
12.9697
12.6216
12.9197
13.2299
13.0371
12.7766
13.2797
13.4211
12.8835
12.8638
12.8509
13.3367
13.0153
12.8317
12.802
12.9432
13.0417
12.1985
12.9514
12.6387
12.8047
13.1643
13.2366
13.1087
12.9443
12.7371
12.7783
13.027
13.3474
12.9053
13.1524
12.5575
13.8397
13.3236
13.0549
12.9636
12.7493
13.3632
13.1315
12.9223
13.0037
13.1669
12.5301
12.7756
12.9055
12.8126
13.1914
12.8102
13.366
13.1233
12.8733
12.9293
12.8142
13.3057
13.1977
12.92
12.7301
12.8368
12.68
13.0636
12.9281
12.8161
13.1403
12.966
12.8435
12.879
12.8102
12.803
12.5601
12.7438
12.4741
13.0386
12.5735
12.732
13.0694
13.2396
13.3552
13.1042
13.3632
12.968
13.2768
13.0666
12.7082
13.0381
12.7039
12.8317
12.8223
13.1052
13.1591
12.9276
13.0969
12.6268
12.4565
13.3585
12.9673
13.1504
12.7585
12.7155
12.5857
12.8356
12.6994
12.6824
13.1154
13.0062
12.58
13.4635
12.5315
13.0383
13.078
13.1569
12.7315
12.8333
12.7688
13.238
13.1629
12.7292
12.7379
13.0808
12.8635
13.0143
13.1879
12.8774
12.702
13.1312
12.9528
12.8985
12.5244
12.7488
12.8473
13.1802
13.2205
13.1271
13.2028
12.7998
12.8213
12.911
12.8474
12.9775
13.0135
12.9764
12.4787
13.2138
12.683
12.7682
13.2641
13.0244
13.0489
12.779
12.6635
12.7751
13.194
12.8363
12.9741
12.8415
12.7546
13.0721
12.971
12.9511
13.0196
12.7538
12.9472
12.7619
13.1553
12.8719
12.6937
13.1262
13.1784
13.2022
12.7619
13.0077
12.9651
13.0503
12.8767
12.6353
12.8379
12.8904
12.7623
13.1339
12.9406
12.5947
12.8781
12.9024
12.8076
12.9935
13.2008
13.3008
13.1716
12.7164
13.0044
12.7685
13.0838
12.803
12.7246
12.6932
13.2011
12.892
12.8928
12.5652
12.9318
13.2866
13.2493
12.6174
12.6472
13.1734
12.8395
12.9809
13.0046
12.8174
13.1599
12.9397
13.1935
12.6393
12.9071
13.295
12.9856
12.8998
12.8956
13.0879
13.1309
12.9863
13.1233
13.2554
13.0752
12.7911
13.0935
12.8768
12.8384
12.9219
12.9861
12.8738
13.1628
13.0132
13.1818
12.8141
13.0313
13.2186
13.2002
13.2998
12.8855
12.9614
13.2251
13.0182
13.1198
13.1629
12.7688
13.2578
13.1444
13.1777
13.0862
12.8524
13.0183
12.9041
12.9643
12.7738
13.26
12.9437
12.6004
12.9473
13.2459
13.16
12.5353
13.0815
12.7713
12.6496
12.7023
12.9516
12.4669
13.3172
13.0156
13.2884
12.7885
13.021
13.2001
12.7587
12.7051
13.0402
13.182
12.9391
12.745
12.9814
13.116
13.2917
13.0077
12.5952
12.9523
13.198
13.2285
12.8746
13.339
13.0506
12.5404
13.1472
12.708
13.2063
12.8971
12.9969
12.914
13.0757
13.3651
12.717
12.6448
12.8065
12.7384
12.5269
12.8533
12.9933
13.3616
12.6859
12.3446
12.1639
12.6246
12.4699
12.5135
12.7142
12.6506
12.5129
12.5953
12.752
12.725
12.9967
12.544
12.8062
12.6028
12.8081
12.9541
12.707
12.9134
12.5892
12.9145
12.7699
12.8379
12.5141
12.525
13.2014
12.8726
13.0393
12.7651
13.0793
12.7897
13.0032
12.2862
12.6795
12.9743
12.8223
12.5127
12.3824
12.7194
13.1726
12.3844
12.6561
12.5041
13.0221
12.8453
12.8069
12.7929
12.861
12.9915
12.3424
12.446
12.4958
12.3786
12.8007
12.7699
13.0486
12.9125
12.8682
12.6922
13.0149
13.278
12.858
12.7595
13.0398
13.0886
13.0378
12.8521
12.9596
13.2946
12.5531
13.1416
12.9531
12.8757
12.4795
12.8137
13.11
12.9102
12.8508
13.155
13.445
12.8914
13.0889
12.6524
12.8085
13.1773
13.1583
12.9007
13.0572
13.3095
13.1551
13.3226
13.2204
13.0762
13.4202
13.4158
13.1416
12.8658
13.0226
13.0444
12.7761
13.0045
12.7405
12.8594
12.7957
12.5513
12.5187
12.9572
13.0392
12.8636
12.8818
12.798
12.8772
12.8129
12.8181
12.7982
12.9373
12.8232
12.2841
12.532
12.8341
12.8286
12.6366
12.6588
12.6254
12.8994
12.9563
12.7654
13.1548
12.5153
12.8784
12.7159
12.7821
13.1712
12.7733
12.5586
12.7385
13.0903
13.0479
12.6741
12.5072
12.5528
12.9013
13.2501
12.5123
12.7992
13.0375
12.5228
12.8289
12.5609
12.45
13.1623
12.8154
12.3859
12.7619
13.1116
13.0828
13.0235
12.9554
12.7809
12.8733
12.8159
12.6789
13.1928
13.0599
12.8011
13.111
12.7929
12.8195
12.7104
12.8404
12.6708
13.0849
13.039
13.0862
13.1349
13.007
12.6414
12.7186
12.7927
13.1341
12.6641
12.7059
12.9279
13.3357
12.8587
12.7541
12.7961
13.0296
12.851
12.8096
12.8041
12.9107
12.8691
12.4735
12.5073
13.0337
12.9844
13.1267
12.6536
12.6437
13.2804
13.501
12.8225
13.2248
13.0514
12.9222
12.5484
12.6997
12.789
12.7241
13.009
12.8443
13.2184
13.1449
13.0248
13.5466
13.1116
13.2349
12.8124
13.1601
13.4351
12.9756
12.9507
13.0097
12.9145
13.2656
12.7304
12.6318
12.9091
12.9959
13.025
13.1274
12.7994
12.8448
13.234
12.6182
12.8551
12.9047
13.3427
13.3117
12.5781
12.7405
12.6193
12.4153
12.861
12.6173
12.8485
13.0019
12.9329
12.9932
13.139
12.8922
12.9193
12.9201
13.1384
12.9432
12.9591
12.5873
13.0872
12.4898
12.7247
13.2451
12.5662
12.6455
13.3574
13.204
13.3122
12.989
13.0336
13.1006
12.7929
12.9119
12.6689
12.6652
13.1143
13.334
12.6265
12.8403
12.7056
12.9074
13.237
12.6719
13.1687
13.0805
12.6633
12.6439
13.1581
12.8878
12.6134
12.7579
12.8617
12.9342
12.9395
12.7828
12.7997
12.3856
12.6809
12.507
12.6113
12.7176
12.6544
12.3282
12.4723
12.2524
13.0138
12.7798
12.6156
12.7518
13.1224
13.1052
12.6154
12.5966
12.6106
12.78
13.0173
12.5621
12.6247
12.4937
13.1868
12.7775
12.6869
12.7054
12.6613
12.9323
12.8335
12.606
12.8431
12.7919
12.5543
12.5386
12.6993
12.6583
13.0534
13.4967
13.0714
12.4761
12.8767
12.7
12.6626
12.92
12.7274
12.4956
12.362
12.7082
12.708
12.8925
12.7703
12.5264
12.8245
13.2098
12.9744
12.9624
13.3014
13.003
12.8419
13.1279
12.8175
13.1916
13.0052
12.4588
12.591
12.9512
12.7753
12.8287
12.4779
12.7294
12.8843
12.9591
12.8397
12.6551
12.9176
12.7655
12.8502
12.6167
13.0026
13.0187
12.8641
13.0606
12.7703
12.8853
12.6008
12.8493
12.7352
12.7236
12.6399
12.9044
13.1423
12.7183
12.7037
12.9303
12.7305
12.8414
13.031
13.084
13.1678
12.9542
12.8
13.0112
12.8745
13.1536
12.3774
12.6865
12.8991
12.9174
13.0372
13.0622
13.1777
12.4585
12.6904
12.9471
12.9409
13.0601
12.6113
12.7367
12.6081
12.8624
12.8367
13.0499
13.2266
12.9585
13.1507
12.8676
12.7144
13.06
12.8048
12.8282
13.1406
12.8821
13.2277
13.2521
13.1664
12.8208
12.9692
13.3282
13.2046
13.2797
12.5574
12.8883
12.9819
13.2327
13.0127
12.9669
12.576
13.3947
13.0485
13.2753
13.0206
12.9931
12.6725
12.8911
13.4778
13.0439
13.447
12.946
12.986
12.9104
13.2542
12.727
13.2582
12.8414
13.0473
12.8167
13.169
13.1519
12.9808
12.8916
13.0108
13.09
12.9521
12.8789
13.1989
12.8565
13.1514
12.7945
13.0214
13.382
12.9242
12.7468
12.7007
12.8925
13.0084
12.848
12.7601
12.7527
12.9225
12.9005
13.0956
12.9364
12.8585
12.9393
12.9599
12.959
13.0881
13.2319
12.7779
13.001
12.6968
13.0006
13.3397
13.2978
12.8572
13.1009
13.3215
12.623
12.8061
13.278
12.9023
13.1937
12.5843
12.8839
12.7666
13.0086
13.1469
13.1406
13.3584
12.7293
13.1762
13.0021
12.7636
13.2962
13.1122
13.1101
12.8025
13.1897
13.202
12.9345
12.9518
12.7559
12.8843
13.3569
13.107
12.6015
12.9333
13.1806
12.6037
12.957
12.9134
13.3977
13.0292
12.7217
12.9372
12.5781
13.0824
12.9144
13.2597
12.8819
12.4633
13.2948
12.9262
12.936
13.244
13.2129
13.161
12.8635
12.8234
13.088
12.951
12.8816
12.7122
12.7399
12.8324
12.7197
12.6898
13.3537
12.7862
13.1001
13.2025
13.108
12.6426
12.5012
12.7885
12.7226
12.9995
12.8995
13.0267
12.4878
13.2847
12.7689
12.6114
12.6808
12.7501
13.2942
12.8217
13.0338
13.1593
13.0222
13.0932
13.102
12.7752
13.134
13.2372
12.5361
13.1447
12.9028
12.9804
12.8648
12.3822
12.8258
12.9663
12.777
13.1712
13.2148
12.5078
12.7827
12.8542
12.9218
12.9318
12.9495
13.1826
12.7507
12.7585
12.5031
12.748
12.8369
12.6531
12.9749
12.8615
12.8065
12.9619
12.4832
13.027
12.6967
12.9788
13.1859
12.7973
12.7096
13.0761
12.616
12.8649
12.7366
12.8058
12.6014
12.6608
12.9382
12.9295
12.9267
12.7661
12.7441
12.4623
12.6295
12.9954
13.0319
12.8265
12.9586
12.8365
12.4078
12.6218
12.9094
13.137
12.9659
13.001
12.9729
13.0869
13.0608
12.5639
12.908
12.9235
13.0056
12.7955
13.1356
13.3215
13.0831
13.0846
12.9265
13.1946
12.8665
12.8535
12.6818
13.1621
13.0364
13.1295
13.1691
12.8361
12.9141
13.3185
13.2841
13.0007
13.2468
12.9428
12.7688
12.6726
13.0393
13.0154
12.7159
12.9322
12.9433
12.9766
12.572
12.6074
13.0319
13.0554
13.1586
12.9923
13.1081
13.2817
12.549
12.7025
13.2297
13.1863
13.1985
12.709
12.9851
12.8144
12.9046
13.0123
12.9392
12.6636
12.8584
13.0235
12.9282
12.8245
12.6688
12.785
12.4432
12.6029
13.0718
12.822
12.7517
12.7569
13.0628
12.7428
12.4587
12.8543
12.4798
13.1366
13.5016
13.2445
13.0272
12.8657
12.6645
12.9879
12.6787
12.855
12.6561
12.4637
13.2294
12.7597
12.7205
13.0144
12.5701
12.6983
12.6921
13.2012
12.9674
13.0598
13.0943
12.7437
12.4828
12.417
12.877
13.1873
12.6684
12.7342
12.5652
13.03
12.9041
13.1459
12.8878
12.9072
13.2827
13.0058
12.947
12.88
12.5153
13.346
12.6589
12.3938
12.9031
13.2298
12.8427
12.7865
12.6712
12.7187
12.7405
12.8826
12.6031
13.0193
12.8777
12.8481
12.5853
12.8517
12.8192
12.9339
12.9398
12.7057
12.9165
12.3468
12.9128
13.0024
13.0499
13.1456
12.6602
13.1958
12.9108
12.9152
13.0019
12.849
13.1788
12.9746
13.2211
12.9345
12.865
12.7148
12.6161
12.9266
13.4011
12.8686
13.1867
12.968
12.5298
12.7405
12.7634
12.5974
12.9177
12.8615
12.7281
13.2237
12.9995
12.8292
13.4386
13.285
13.0201
13.1824
12.8297
12.8541
13.0363
12.815
12.9566
12.7338
13.2253
13.1954
13.3958
12.874
12.9921
13.0864
12.6635
12.579
12.8262
12.7405
12.9513
12.61
12.9643
12.7906
13.0031
12.9135
12.7206
13.1173
13.0654
13.2678
12.9491
12.8553
12.7341
13.3225
12.824
13.714
12.8108
12.971
13.1314
12.7989
13.047
13.404
12.9263
12.2833
12.8467
13.0792
13.1752
13.0028
13.0904
12.708
12.7139
12.704
12.9019
12.9911
12.733
12.8781
13.1822
12.9149
13.2658
13.0224
13.031
12.6979
12.7811
12.7959
12.8152
12.9144
12.8171
12.9322
12.9199
12.7617
12.7221
12.9121
12.8004
13.1641
12.5247
12.8022
12.7233
12.5987
12.5996
12.4279
12.2831
13.0224
13.2988
13.1736
12.6819
12.9067
13.206
12.9436
13.2479
12.7651
12.9797
12.9483
13.0354
12.8828
12.9393
13.4031
12.6281
13.0475
12.821
12.7601
13.056
13.0276
12.9562
13.0312
12.864
12.6097
12.6863
12.6602
12.874
12.9211
12.8294
13.1843
12.7095
13.3201
12.8878
13.001
13.0015
12.7
13.1047
12.5418
12.775
12.8473
12.7466
12.6426
12.4616
13.1822
12.8751
13.3424
13.0335
12.9958
12.9562
13.035
12.8641
12.9878
13.3114
13.5259
13.4526
12.5201
12.8495
13.0281
13.1061
13.4439
12.8823
13.0724
12.8162
13.3709
12.8177
13.2835
12.9654
13.3262
13.342
12.7777
13.373
13.1915
12.9395
12.8839
12.6788
13.0927
12.9928
13.5223
13.1405
13.069
12.8825
12.899
12.8434
13.6982
12.9182
12.7743
12.9955
12.7818
13.2079
12.8025
12.9987
12.6777
13.3659
13.5338
13.3573
13.0401
13.3196
12.7725
13.0364
12.9712
13.1679
13.0554
12.865
13.2802
12.9711
13.1003
13.3305
12.9237
13.0101
13.1141
12.7751
13.4929
12.7319
12.8618
12.9341
12.7896
13.0929
12.9102
12.6269
12.8516
12.9705
12.7119
12.9078
12.9585
12.8862
13.0284
13.5292
13.2764
13.0251
13.0506
12.9198
12.946
13.0541
13.1931
13.2488
12.7856
12.7201
13.1771
13.4717
13.6194
12.9013
13.2118
12.9623
13.2492
12.9994
13.2055
13.0425
12.9425
12.5078
12.9816
12.9405
12.8339
12.8489
13.0299
13.1107
12.8815
12.862
12.6259
12.9805
12.9824
12.8256
13.4549
12.5417
12.8095
12.7502
12.5216
12.6202
13.0865
13.02
13.0708
12.9102
13.0248
12.5032
13.2668
13.1391
12.7827
12.8056
13.0005
13.0202
13.0325
12.6526
12.911
13.0282
12.6818
12.5774
12.5968
13.006
12.8626
13.0046
12.9864
12.6646
12.9625
13.2031
12.5127
13.1771
12.7575
12.486
12.8249
13.3978
12.7994
13.2627
13.0416
12.6133
12.8922
12.9051
12.7016
13.4188
12.6984
12.8865
12.9873
13.3655
12.7149
13.1863
13.249
12.5479
12.7425
12.8089
12.8867
13.0395
12.7303
12.9116
12.8355
12.8346
12.293
13.397
13.1745
13.0372
13.2156
13.0489
13.1756
12.8459
13.2038
13.032
13.1882
13.2118
13.2365
13.5028
13.0579
13.0217
12.548
12.5005
12.7588
12.9679
12.5462
13.0857
12.7196
12.7514
12.8427
13.2807
12.8533
12.8403
12.5973
13.0133
12.9071
12.8092
12.4975
12.6513
12.6349
12.759
12.7868
12.8339
12.6331
12.713
13.0717
12.4809
12.7175
13.0289
12.6458
12.2997
12.8941
12.4311
12.5778
13.6212
13.1226
12.9568
12.7923
13.2773
12.5887
13.1865
12.5554
12.87
12.9986
13.1221
12.8991
12.9897
13.0543
13.3987
12.8466
13.1467
12.7649
13.1866
13.3499
13.4005
13.0748
12.7854
13.0719
12.9894
12.7969
12.9403
12.7105
12.7682
12.5157
13.0686
13.1131
12.827
13.1832
13.2565
12.6678
13.0674
12.8109
12.9541
12.8167
12.7954
12.8095
13.3209
12.8928
12.8987
13.048
12.6279
12.7475
12.8088
12.7583
12.9085
13.1629
13.268
12.7167
12.8043
13.1357
12.2406
12.7074
12.748
12.5242
13.1334
12.9505
13.0166
12.3795
13.0631
12.4053
12.6104
12.697
12.4829
13.244
12.8591
13.1654
13.0623
12.7
12.7787
12.7199
12.8799
12.9444
12.6795
13.3271
13.0032
12.576
12.8652
13.0545
12.5696
12.5512
12.8911
12.8602
12.7187
12.7698
13.2771
12.8561
12.5527
12.665
12.9596
12.7438
12.7315
13
12.764
12.3954
12.6873
12.5936
12.4557
12.8419
12.4688
