1.41211
1.31469
1.2663
1.1445
0.774184
1.02422
0.59688
1.20891
0.625923
1.16314
0.874409
1.16291
0.954703
1.31098
1.25148
1.49448
1.59235
0.9554
1.4355
1.42926
1.00625
1.22411
1.01818
1.69706
1.37427
1.15163
1.61475
1.53412
1.44848
1.26724
1.01453
1.47984
1.17037
1.38078
1.21907
1.3985
1.26733
1.56846
1.21343
1.24986
1.1837
0.976231
0.979253
1.17957
1.08153
1.49444
1.54624
1.00229
1.46796
0.990295
1.50786
1.27828
1.2488
1.05239
1.40665
1.27874
1.25637
0.95539
1.12257
1.10369
1.18473
1.43095
1.52313
1.49579
1.10258
1.19922
1.39385
1.29071
1.41716
0.975826
1.4106
1.35096
0.707105
1.48194
0.87795
1.46648
0.619618
0.883793
1.29337
1.67493
1.18528
1.35811
1.40152
1.08959
1.17375
1.15228
1.21695
1.35173
1.01046
1.28545
1.0988
1.23089
1.2709
1.3557
1.46816
0.906905
1.29812
1.26762
1.49159
0.967277
0.909108
1.14708
1.39665
1.2135
1.54931
1.27572
1.23371
1.90151
1.40901
1.28268
1.59503
1.34405
1.42158
1.39388
1.53062
1.51136
1.67314
1.46342
0.994507
1.41504
1.60096
1.20053
1.16994
1.50437
1.50809
1.54828
1.55222
1.24495
1.5123
1.23054
1.07493
1.03871
1.40215
1.82259
1.39534
1.37462
1.37554
0.983517
1.00937
1.49223
1.28662
1.52873
1.80941
1.6818
1.29323
1.35619
1.0874
1.49761
1.07312
1.65162
1.64148
1.46855
1.28842
1.27722
1.59885
1.73065
1.6584
1.17032
1.07315
1.14597
1.37066
1.73544
1.53732
1.30917
1.54725
1.51564
1.41495
1.07863
1.36597
0.78991
1.63196
1.4638
0.918651
1.65917
1.60029
1.07969
1.69335
1.386
1.27912
1.71426
1.46434
1.70724
1.54511
1.80483
1.34962
1.46308
1.54102
1.16159
1.63405
1.42156
1.49581
1.47637
1.0376
1.29299
1.7193
1.5112
1.44509
0.910222
0.960243
1.123
1.41329
1.33626
1.54551
1.15949
1.58485
1.57244
0.886146
1.52244
1.27657
1.26451
1.39821
1.63108
1.31163
1.1656
1.31852
1.41124
1.05893
1.77953
1.21925
1.15632
1.34287
1.61453
1.71376
1.16525
1.37063
1.43666
1.04128
0.802917
1.02134
0.900424
1.49422
1.18309
1.48173
1.27485
1.05602
1.33374
1.58283
1.06834
1.53314
1.6642
1.43087
1.04024
1.59918
1.24552
1.39225
1.10168
1.75763
1.41827
1.30625
1.11502
1.40354
1.31966
1.72528
1.45051
1.11661
0.757029
1.09622
1.52381
1.23089
1.61281
1.61129
1.5925
1.20127
1.48092
0.950977
1.51946
1.31467
1.53147
1.58342
1.00584
1.54965
1.33283
0.988264
1.62684
1.54147
1.44608
1.63056
1.21705
1.4692
1.55023
1.55407
1.26686
1.18104
1.58291
1.17641
1.69643
1.16592
1.69352
1.40076
1.39633
1.19501
1.29557
1.56523
1.60824
0.891321
1.08103
1.15713
1.29979
1.10309
1.18512
1.56042
1.3504
1.23752
1.52855
1.24602
0.969752
1.32341
1.2978
1.3057
1.45055
1.09541
1.19358
1.4226
1.44855
1.05639
1.33608
1.24236
1.2752
1.45476
1.01444
0.917216
1.4084
0.760349
1.01505
0.94108
1.3521
1.895
0.879099
1.30768
1.27978
1.15515
1.13658
1.48173
0.790326
1.11971
1.53146
1.33769
1.30338
1.28366
1.14203
1.14289
1.02353
1.45244
1.52041
1.48906
1.15933
1.2979
1.13749
1.60254
1.43741
1.16441
0.846655
1.07607
1.34511
1.41879
1.39709
1.09398
1.59728
1.11965
1.15882
1.20183
1.41924
1.10196
1.50669
1.20887
1.13022
1.59754
1.29557
0.960445
1.63214
1.11993
1.32957
1.57289
1.4067
1.6015
1.40196
1.33999
1.01869
1.35847
1.25472
0.888871
1.46309
1.12561
1.23605
1.60698
1.50072
1.14072
1.50058
1.54962
1.32976
1.25429
0.993882
1.17712
1.0605
0.821384
1.25054
1.25974
1.02885
1.37596
1.3112
0.95896
1.29918
1.27753
0.959795
1.04226
1.18202
1.3826
1.11202
1.16897
0.980534
1.3741
1.31769
1.30024
1.19001
1.03592
1.04499
1.0628
0.644089
0.862078
0.847947
0.943644
1.3849
0.987435
0.988529
1.05875
0.858229
0.98546
1.15704
1.00385
0.929643
1.1747
1.03166
1.32616
0.962952
0.779278
1.09271
1.14964
1.53434
1.17411
1.23734
1.04146
1.26287
0.8432
1.45134
1.24512
1.44989
0.489467
0.792916
1.29737
0.839075
1.22826
1.17165
1.26769
0.711627
0.909572
1.11584
1.2552
1.16815
1.46533
1.2261
1.27121
1.23639
1.23514
0.799487
1.27008
1.2259
1.11401
1.25076
1.10395
1.36001
1.06482
0.863066
1.19602
1.1003
1.2573
1.1806
1.10144
0.966625
1.10738
1.21507
1.42567
0.993721
1.20704
1.09033
0.998979
1.08214
0.940744
1.3699
0.929584
1.17613
1.02772
0.9424
1.07496
1.32404
0.952113
1.61121
1.70226
1.06565
1.22124
1.15769
1.04735
1.24835
1.33137
1.49397
1.20132
1.03492
1.47884
1.47625
1.34638
1.22492
1.22441
1.32164
1.15901
1.32555
1.13804
1.62116
1.09021
1.64438
1.20841
1.27486
1.40472
1.29793
0.607668
1.30117
1.24503
1.61539
1.2937
1.25615
1.49724
0.892728
1.26456
1.28719
1.27061
0.978761
1.3473
1.29999
1.14862
1.00393
1.23608
0.967734
1.14932
1.41067
1.38828
1.50144
1.10521
1.31402
1.51138
1.21768
1.34347
1.04011
1.42815
1.31521
1.01429
1.44648
0.843139
1.55211
0.772218
0.895638
1.456
1.55944
1.21065
1.5594
1.43176
0.989947
1.45441
1.32732
0.899912
1.18405
1.04347
1.01864
1.29748
1.05382
1.35108
1.67627
1.5451
1.24162
1.20592
1.46187
1.57553
1.34631
1.02608
0.754384
1.29106
0.975464
1.11679
1.174
1.31747
1.21946
1.44117
1.17945
1.14371
1.50744
1.04533
1.00721
1.38147
1.10364
1.41351
1.33738
1.25986
1.27577
0.979264
1.38454
1.06545
1.31025
1.20393
1.12942
1.20899
1.31253
1.76848
1.05576
0.993178
1.3007
0.847378
1.10343
1.25702
0.99862
0.992621
1.36688
1.55411
1.62288
0.587172
1.17097
1.05833
1.38959
1.50524
1.44004
1.22611
1.12165
1.37015
1.13403
0.994496
1.35032
1.54144
1.07838
1.15024
1.25026
1.48374
0.773869
0.618861
1.40375
0.976339
1.13868
1.29422
1.26688
0.888722
1.3256
1.50664
1.24796
1.58096
1.19588
1.07782
1.47623
1.2032
1.13785
1.50881
1.6366
1.14154
1.2448
1.10823
1.06916
1.37698
0.932933
1.23196
0.933745
1.41203
1.03689
1.7495
1.47015
1.06947
1.61042
1.35772
1.29602
1.29977
0.942415
1.09828
0.972629
1.19216
0.972833
1.32841
1.20513
1.56037
1.6059
1.09264
1.25292
1.46416
1.19541
0.997708
1.0678
1.72997
1.5195
1.24421
1.44521
1.49844
1.40843
1.15759
0.847213
1.44543
1.17171
1.37957
1.18659
1.1726
1.26657
1.6589
0.917379
1.32261
1.20431
1.06831
1.01344
1.15856
0.918471
1.28804
1.3369
1.18643
1.56393
0.877619
1.36412
0.966986
0.925831
1.23832
1.50078
1.30829
1.20911
0.99809
0.944516
0.943947
1.1825
1.31015
1.35011
1.40427
1.36857
1.4021
1.24145
1.26723
1.4649
0.817929
1.37737
1.42559
0.741926
1.46985
0.970158
1.41659
0.519692
0.787291
1.0511
1.57994
1.16913
1.21994
1.38731
1.17668
0.951784
1.11533
1.26159
1.27674
1.15921
1.1362
1.22778
1.22068
1.37987
1.12959
1.60837
1.08156
0.963274
1.27356
1.48817
0.927114
1.31471
0.747092
1.49773
1.02906
1.1314
1.26565
1.3755
1.1155
1.4917
1.63756
1.15585
0.905558
1.46568
0.957904
1.17516
1.65589
1.1656
1.32384
1.26084
1.75503
0.986952
1.12155
1.05433
1.0849
0.793162
1.5845
1.77254
1.47198
1.42009
1.17136
1.02328
1.17523
1.0123
1.21235
0.594842
1.02058
1.35668
1.60347
0.719202
0.91868
1.11651
1.59026
1.19641
1.3033
1.30608
1.4504
1.29536
1.13303
1.45339
1.22058
1.53821
1.34539
1.39041
1.17043
1.7816
1.5065
0.920104
1.2004
1.29875
1.31061
1.48733
1.18004
1.06045
1.58267
1.16778
1.25638
1.1477
1.27996
0.988747
1.16282
1.01398
1.07239
1.1878
1.49988
1.30465
1.02179
1.30907
1.09967
1.12601
0.954495
1.19903
0.768341
1.26578
0.725871
1.43245
1.36307
1.28798
1.5282
1.04144
0.908684
0.974031
0.772827
1.01634
0.854459
1.17746
1.18003
1.35775
1.36804
0.984577
1.2594
1.13399
0.974542
1.08613
1.03003
1.30642
1.22751
1.10261
1.44911
1.26046
1.47816
1.17777
0.989692
1.17001
0.900266
0.983011
1.00551
1.27989
1.29084
1.29502
1.11044
0.833175
1.15901
0.798668
0.947586
0.938438
0.972789
1.37454
1.47694
0.723662
1.03093
1.01278
1.47282
1.40852
1.1173
0.809491
1.26212
1.27061
0.96511
1.0604
1.0611
1.33141
1.01805
1.25339
1.30879
1.35974
1.08904
1.03967
1.19607
1.02414
1.19245
1.05224
1.17022
1.1418
1.10841
1.35066
0.957834
1.07198
0.861582
0.749663
1.17417
1.41681
1.02714
1.21851
1.30203
0.852629
1.10149
1.01448
1.00651
0.99832
0.877136
1.28581
0.807405
1.10068
1.01716
1.26151
1.28197
0.816293
1.21408
1.00269
1.1141
1.0345
1.20036
0.981088
1.30703
1.29631
1.5137
1.50925
1.24274
1.29062
0.950634
1.52863
1.20902
1.33654
1.6019
1.46236
1.15724
1.45532
1.2713
1.60021
1.16709
1.12443
1.44592
1.21346
1.26198
1.08358
1.22019
1.43877
1.47834
1.23305
1.25425
1.64341
1.10056
0.996143
0.945893
0.880714
1.23595
1.57476
1.19675
1.60674
0.857583
1.71124
1.37508
0.939094
1.08392
1.5761
1.57221
0.648387
1.06408
0.728782
1.58823
1.37589
1.46611
1.27004
1.41924
1.35047
1.3986
1.15439
0.936014
1.43327
1.41779
1.139
1.56543
1.21945
1.46421
1.51914
1.09113
0.78964
1.18235
1.15916
1.40919
1.24251
1.08497
1.6763
0.678826
1.20232
0.933639
0.915195
1.04438
0.784002
1.36316
0.930388
1.38087
1.1354
1.51119
1.80468
1.24186
0.912918
1.47097
1.41085
1.24256
0.594274
1.12438
1.18215
1.45005
1.43233
1.25956
1.47212
1.1789
0.661973
1.25671
0.771648
1.43729
1.40655
0.996866
1.34909
1.15736
1.81413
1.00141
0.828405
1.39798
1.13365
1.07683
1.35762
1.4424
1.47844
1.51687
0.996276
1.04758
1.1641
0.74915
1.06134
0.859528
0.774171
1.44444
1.4153
0.710462
1.24538
0.796137
1.49304
0.861025
0.982652
0.911318
1.49439
1.11503
1.12881
0.920867
0.941596
1.22628
1.39238
1.4163
1.01381
1.76338
1.22935
1.08622
0.924747
1.3194
1.34624
1.21166
0.960745
1.01844
1.12102
1.21192
0.955859
1.12351
0.887815
0.874614
0.890373
1.26514
0.756959
1.0602
1.45876
0.841949
0.969402
1.32777
0.967452
1.00629
0.729289
1.07156
0.629936
1.21311
0.826189
1.32783
1.23424
1.31469
1.21959
0.99433
1.15381
1.15065
1.05452
1.1007
1.23248
1.52951
0.963209
0.958065
1.1189
1.27172
0.83784
1.42889
1.40025
1.04529
0.983104
1.51092
1.32915
1.18895
1.13296
1.03473
1.23256
0.733011
1.11509
0.537124
1.18423
0.985449
1.1692
1.04598
0.851492
1.11905
1.39716
0.980503
1.32996
1.36521
1.20111
0.799406
1.3198
1.35807
0.914005
1.04265
1.44853
1.03199
0.967205
0.792797
1.07006
1.11737
1.20951
1.02637
1.09792
0.753573
0.885104
1.21991
1.03478
1.1614
1.48782
1.11369
0.888263
1.41637
0.91193
1.14117
1.09203
1.18696
1.51947
1.02511
1.52819
1.03466
1.0205
1.20363
1.39195
1.02926
1.23726
1.14035
0.947276
1.21657
1.36114
1.14577
0.998393
1.28924
0.926795
1.28
1.1657
1.47749
1.36798
1.26512
1.33914
1.00517
1.41669
1.64615
0.991091
1.45228
1.51213
1.36901
1.4676
1.40647
1.19806
0.901939
0.998278
1.15544
1.68205
1.59964
0.985967
1.47663
1.38734
1.85531
1.23015
0.952548
1.48482
0.980235
1.15597
1.31991
1.33167
1.54132
1.66896
0.951867
1.01496
1.39506
1.12321
1.23244
0.994931
0.877845
1.45011
1.37179
1.01484
1.4412
0.973581
1.67084
1.03526
0.906154
1.04089
1.43629
1.36466
1.26174
1.01444
0.848027
1.30914
1.46986
1.48334
1.15044
1.76694
1.52255
1.30758
1.03346
1.33072
1.71534
1.22247
1.23452
1.23882
1.20228
1.63737
1.0497
1.2605
0.806268
0.992317
0.852066
1.34449
1.10811
1.12218
1.55299
0.63565
0.937275
1.3965
1.14391
0.927317
0.99892
1.20481
0.88034
1.41678
1.28733
1.38392
1.45783
1.36431
1.17387
1.16634
1.47656
1.53643
0.711255
1.08068
1.48119
1.6834
1.06093
1.09738
1.21295
1.4701
1.58817
1.41894
0.605349
1.69861
1.64791
1.55613
0.986155
1.15011
1.39687
0.617738
0.908775
1.27031
1.53723
1.31567
1.32282
1.2978
0.983102
1.19107
1.43491
1.26801
1.05948
1.43059
1.03015
1.16188
1.37216
1.5033
1.04996
1.56891
1.36057
1.30129
1.31501
0.946261
1.10939
1.31528
1.56418
0.801411
1.25482
1.26252
1.29066
1.33455
1.66537
1.63491
1.35486
1.10006
1.24794
1.8515
1.36028
1.11878
1.12733
1.33469
1.51514
1.19448
1.54424
1.08929
1.31748
1.20434
1.14233
1.23908
0.953443
1.43201
1.15042
1.07865
1.61164
1.19941
1.17321
1.12515
0.982867
1.19123
1.54254
1.36156
1.38959
1.24327
1.35739
1.40762
1.60766
1.75712
1.61785
1.76988
0.90692
0.976492
1.25656
1.35386
1.4176
1.08485
0.974425
1.34117
1.2409
1.31266
1.19493
1.25627
1.03687
1.03781
0.935447
1.28919
1.16218
1.14208
1.63725
1.03873
1.43024
1.10492
1.32701
1.203
1.2015
0.762532
1.15613
1.08912
1.33623
1.19375
1.19366
1.13699
0.818581
0.939878
1.22991
1.16566
1.11231
1.36818
1.08288
0.888362
1.32217
1.34944
1.24168
0.917829
1.13429
1.22232
1.1777
1.10568
1.42953
1.31433
1.05385
0.73387
1.2526
1.24139
1.28768
1.43486
0.895927
1.21775
1.38211
1.23853
0.874588
1.30492
1.38815
0.912459
1.38451
1.10624
1.356
1.35576
1.19609
1.03886
1.10885
1.22421
0.908773
1.19109
0.570128
1.02632
1.52124
1.49437
1.53719
1.08672
1.19192
1.14652
1.31373
1.33755
1.91038
1.31111
1.45034
1.56172
1.55707
1.63397
1.31558
0.896643
1.95688
1.78866
1.45708
1.05405
1.29632
1.55839
0.956998
1.11803
1.2912
1.61912
1.35402
1.07061
1.65215
1.23283
1.1122
1.46918
1.41223
1.27373
1.69959
0.914569
1.3995
1.53736
1.6217
1.21911
1.62725
1.70255
1.60301
1.47256
0.983423
1.04942
1.38144
1.81391
1.03168
1.46281
1.21392
1.30388
1.62722
1.56438
1.56107
1.49377
1.23651
1.29372
1.80126
1.54045
1.09128
1.28889
1.39208
1.38714
1.47718
1.69946
1.36342
1.58156
1.50615
1.40435
1.32039
0.971306
1.42301
1.52551
1.32567
1.66823
1.4194
1.53557
1.26481
1.21917
1.3564
1.65057
1.36301
1.40263
1.21781
1.37161
1.61136
1.82162
1.86702
1.82899
1.88097
1.06222
1.4509
1.42505
1.61611
1.76102
1.91515
1.42844
1.31268
1.39381
1.48177
1.05006
1.61275
1.27852
1.06456
1.20531
1.70892
1.98009
1.25172
1.15225
1.41533
1.02611
1.40104
1.79252
1.45907
0.902694
1.66051
1.29973
1.74877
1.20373
1.54839
1.3809
1.73841
1.61527
1.59606
1.91304
1.19342
1.77226
1.3884
1.61508
1.31304
1.82869
1.3938
1.2408
1.35614
1.74477
1.72081
0.889246
1.55899
1.13165
1.81032
1.63647
1.54666
1.21744
1.75061
1.90039
1.73029
1.84021
1.44971
1.48059
1.57943
0.766952
1.66371
1.50074
2.0184
1.56711
1.10192
1.33814
1.40731
1.61328
1.30809
1.35632
1.35321
1.94412
1.47144
1.85366
1.91445
1.2625
1.82716
1.82468
1.66565
1.24785
1.48505
1.46516
1.42025
1.03895
1.46568
1.16008
1.18801
1.75504
1.44202
1.17119
1.2181
0.938065
1.40333
1.27973
1.40784
0.88406
1.33079
1.08518
1.20596
1.38295
1.34737
1.03506
1.05224
1.00919
1.32344
1.23985
1.22524
1.39839
1.2093
1.41591
0.904013
1.26295
1.5332
1.30048
0.992589
1.20911
0.970651
1.06548
1.23973
1.21061
1.30672
0.845221
1.18073
1.5851
0.94704
0.767011
1.49275
1.27618
1.04622
1.06091
1.18139
1.21653
1.41192
0.992931
1.15048
1.25369
1.53028
1.07484
1.13667
1.36178
1.74505
0.978244
1.21784
1.03371
1.3021
1.33337
1.12737
1.32892
1.39619
1.20768
1.24627
1.14735
0.986086
1.18439
1.34417
1.36803
1.27722
1.19728
1.34245
1.5108
1.45773
1.67769
0.913524
1.50849
1.30535
1.60402
1.56909
1.38164
1.32895
1.43949
1.47295
1.15216
1.07926
1.21374
1.30987
0.896397
1.23138
1.33237
1.65137
0.870402
1.23511
1.5182
1.4938
1.20078
1.44588
1.15604
1.44144
1.09601
1.45792
1.27007
1.20851
1.151
1.49673
0.873579
1.23603
1.45578
1.53442
1.11257
1.41734
1.40572
1.45911
0.99327
1.1101
1.28832
0.973364
1.55312
1.80618
1.35716
1.06617
1.25098
1.12803
1.52946
1.54974
1.65309
1.61596
1.37481
1.37938
1.34075
0.893079
1.19996
1.5982
1.25565
1.5333
1.21982
1.25846
1.34271
1.25348
1.39419
0.921112
1.64931
1.28949
1.46781
0.954825
1.62917
1.42257
1.75699
1.64127
0.801988
1.17953
1.3766
1.31815
1.29473
1.58438
1.29021
1.28229
1.08907
1.13325
1.11619
1.38235
0.857318
1.45962
1.09973
0.978379
0.942058
1.22663
1.7216
1.13614
1.1781
1.29274
0.949704
1.53509
1.47421
0.796037
0.908614
1.40083
1.32381
1.41671
1.20971
1.42316
0.972559
1.43134
1.47504
1.29154
1.33003
1.26179
1.55577
0.764535
1.30204
1.05437
1.52016
1.21943
1.22564
1.03196
1.55351
1.35928
1.02017
1.356
0.82246
1.37777
1.43553
1.11746
1.13783
1.52035
1.4588
1.44848
1.38163
1.14348
1.20997
1.49276
0.811667
1.32358
1.38549
1.80045
1.00378
1.36278
1.21596
0.541056
1.11197
0.808542
1.04101
1.17695
1.47909
1.13388
1.79788
1.69606
1.22281
1.32418
1.69906
1.41498
1.34694
1.13817
1.47539
1.34087
1.10543
1.4415
1.39693
1.82858
1.1151
1.16848
1.44587
1.10632
1.11445
1.50879
1.72941
1.4797
1.59174
1.15702
1.02644
1.08307
1.1498
1.16609
1.20777
1.326
1.68526
1.35072
0.982232
1.26867
1.11553
1.37863
1.07752
1.34352
1.14741
1.41607
1.12148
1.49551
1.20696
1.29229
1.03686
1.40576
1.42846
1.14883
1.95663
1.37401
1.09368
1.2462
1.55052
1.53359
1.13356
1.18926
0.778138
1.26349
1.40738
0.663254
1.48743
1.15761
0.960896
1.27205
1.31217
0.988427
1.42481
1.53124
1.20134
1.23801
1.68951
1.11917
1.24255
1.07551
1.01638
1.1404
1.37427
1.18633
1.48782
1.05534
1.3607
1.54908
1.25142
1.4066
1.51949
1.59163
1.48359
1.38967
1.26412
1.32286
1.46489
1.25141
1.06841
1.27662
0.795489
1.15558
0.880199
0.931029
1.32103
1.48149
0.628972
0.833424
1.2969
1.44259
1.24438
1.3073
1.23384
1.27303
0.949525
1.33638
1.40246
1.15019
1.21512
1.28924
0.701716
1.30767
1.256
1.48413
1.26179
1.23405
1.02166
1.18098
1.04435
0.949177
1.05703
1.26201
1.62257
1.5515
1.10439
1.08451
1.61487
0.724896
1.32963
1.22503
1.33421
1.79027
1.10724
1.39443
1.03591
0.847757
0.993011
1.33258
1.24599
1.3081
1.43899
1.06453
0.955394
1.32342
1.32264
0.968023
1.47033
1.13902
1.40852
1.41148
1.67132
1.13783
1.55988
1.28063
0.8652
1.31576
1.53644
1.53847
1.70579
1.2715
1.54027
1.23471
1.70821
1.12227
0.709787
1.4258
1.40995
1.36312
1.5016
1.57354
1.41399
1.44668
1.15321
1.34291
0.943195
0.855326
1.30807
0.952978
0.814135
1.34383
1.59859
0.718302
1.25901
0.899774
1.50029
1.01962
1.18063
1.2244
1.49837
1.02529
1.25935
1.14223
1.2204
1.47571
1.31849
1.36612
1.33673
1.55508
1.12863
1.25393
1.05889
1.34911
1.19451
1.40216
1.20716
1.26176
1.24955
1.13887
1.3053
1.42891
1.18304
1.0684
0.955112
1.49882
0.79391
1.08092
1.28916
1.35204
0.912341
1.21349
1.43404
1.37132
1.12581
1.24925
0.691205
1.16297
0.84921
1.33152
1.40142
1.5096
1.40005
0.907769
1.18596
1.38859
1.51197
1.4718
1.38552
1.68621
1.30976
1.43509
0.785571
1.2578
0.77119
1.33395
1.80978
1.5532
1.49862
1.37755
1.20049
1.44945
1.33008
1.21463
1.30976
1.44826
1.54207
1.39397
1.37549
0.673179
1.41506
1.27007
1.71109
1.46244
1.26339
1.55744
1.38454
1.09524
1.88392
1.64625
1.63523
1.13881
1.31498
1.31892
1.53292
1.63669
1.57293
1.45332
1.31363
0.954904
1.55402
1.27843
1.28987
1.99591
0.993576
1.41821
1.11306
1.73876
1.08737
1.55993
1.346
1.17351
1.56472
1.2663
1.59202
1.63847
1.58594
1.16012
1.01783
1.48045
1.30032
1.39308
0.889618
1.12402
1.54862
1.3525
1.64384
1.43497
1.22034
0.877559
1.33117
1.73682
1.54205
1.57905
1.27193
1.46862
1.6285
1.27994
1.2968
0.948974
1.47492
1.48347
1.35968
1.5918
1.2467
1.3853
1.29158
1.02876
1.66693
1.74721
1.64364
1.30412
1.56542
1.57997
1.25748
1.23651
1.74841
1.51889
1.02804
1.48118
1.24298
1.3015
1.48905
1.36961
1.15845
1.2041
1.36581
1.43261
1.61225
1.20357
1.59014
1.39892
1.38727
1.36449
1.14737
0.990236
1.18614
1.26467
1.30338
1.10857
1.49097
1.35002
1.30711
1.72294
1.68416
1.15755
1.54201
1.54095
1.32444
1.76901
1.73564
1.03045
1.404
1.22824
1.24653
1.57358
1.40535
1.41816
1.53158
1.12811
1.32243
1.37243
1.76709
1.66866
1.80072
1.6512
1.52619
1.039
1.01017
1.40831
0.878655
1.04576
1.20594
1.57987
1.25059
1.42708
1.36995
1.20865
1.24582
1.27033
1.07533
1.05985
1.24282
1.10905
1.20324
1.33308
1.50964
0.817245
1.55984
1.3043
1.29571
1.02119
1.02921
0.898312
1.16733
1.43257
0.818499
1.21326
1.25334
1.42757
1.4397
1.5829
1.38994
1.42162
1.13068
1.22866
1.6782
1.43417
1.1101
1.28217
1.18969
1.27157
1.15005
1.49832
0.954052
1.28778
1.19874
1.36859
1.08531
0.929101
1.23428
0.998947
1.22129
1.5302
1.08585
1.10996
0.961724
0.952473
1.01955
1.24825
1.17101
1.48961
1.23621
1.46374
1.30716
1.50957
1.71918
0.728431
1.56104
1.02312
1.55402
1.15857
1.43542
1.34909
1.59296
1.83586
1.30707
1.46828
0.956447
1.16276
1.5075
1.65581
1.15441
1.1827
1.45244
1.65952
1.52862
1.17755
1.44424
1.2405
1.15762
1.23231
1.22277
1.78292
1.6948
1.83166
1.22059
1.23531
1.51371
1.57606
1.36902
1.09531
0.709201
1.69055
1.55471
1.11767
1.50244
1.17832
1.23484
1.2865
1.44163
1.12144
1.74728
1.69482
1.55805
1.61695
1.46527
1.0563
1.49463
0.85555
1.4076
1.7644
2.03308
1.53644
1.28295
1.26964
1.13755
1.43101
1.37672
1.15671
1.50368
1.63498
1.42374
1.81916
1.98804
1.47811
1.42673
1.59941
1.21492
1.6155
0.985709
1.32481
1.25818
1.41613
1.32103
1.38937
1.64911
1.31383
1.128
1.04434
1.01526
1.31675
1.37797
1.18129
1.09069
1.29225
1.54823
1.53543
0.865506
1.30499
1.06359
1.21296
1.29669
1.13025
1.48278
1.54514
1.57947
1.05853
1.01866
1.3812
1.68454
1.28029
1.01519
0.699532
1.51872
1.14414
1.07383
1.19263
1.00464
0.992465
1.3578
1.11075
0.978411
1.62896
1.50047
1.57389
1.47339
1.44709
1.12543
1.30818
0.98807
1.05766
1.51114
1.84674
1.2996
1.19287
1.15468
1.1307
1.33382
1.18478
1.20849
1.12314
1.52278
1.11895
1.72045
1.73689
1.51003
1.36913
1.38442
1.09781
1.20844
1.58517
1.20908
1.28589
1.54518
1.25565
1.85035
0.50413
1.15565
1.53029
1.4522
1.33148
1.86852
1.08078
1.44339
1.7981
1.23364
1.50655
1.60809
1.71044
1.26321
1.20267
1.81472
1.6627
1.81248
1.04021
1.59631
1.26375
1.62587
1.51534
1.5103
0.756952
0.988357
1.71215
0.891184
1.32355
1.44038
1.81712
0.89647
1.42107
1.33922
1.72779
1.56135
1.46054
1.7127
1.64636
2.06097
1.3607
1.40384
1.84865
1.50987
1.67459
1.71826
1.61976
1.78064
1.51001
1.14515
1.48294
1.77011
1.57914
1.25071
1.74336
1.5263
1.70223
1.83401
1.99291
1.24748
1.56574
1.96669
1.87335
1.0428
1.11509
0.997276
0.963445
1.24096
1.56284
0.924609
0.959688
1.0315
0.997107
0.924113
1.23884
0.840907
0.776124
1.23961
0.949208
1.16882
1.02908
1.35339
0.620084
1.03555
0.97355
1.10789
1.39189
1.14104
1.07388
0.911277
1.19305
0.879043
1.15427
1.01137
0.867172
0.825345
1.41741
1.1821
0.946277
0.995668
0.907965
1.18913
1.16149
0.817059
0.825896
1.20602
1.07885
1.25175
1.45054
1.04349
1.04529
1.17378
0.709885
0.92316
1.03247
1.52179
1.2896
0.926992
1.17891
0.865992
1.26444
0.850005
0.590062
1.06551
1.34219
0.912763
1.39943
1.41037
1.2183
1.21625
1.49851
1.30839
1.34082
1.04139
1.11598
1.04468
1.00969
1.35964
1.4163
0.839119
1.14523
0.893821
0.829916
1.22168
1.02154
0.69183
0.968995
1.07584
1.0499
1.24802
0.730275
1.29625
0.912686
0.702007
0.965382
1.28625
0.775013
1.12275
1.1999
0.804529
1.14754
1.09378
1.13918
1.17376
1.28236
1.3193
1.51985
0.61548
1.19632
1.33977
1.08333
0.961691
1.22677
1.0965
1.11585
1.07545
1.19326
0.958662
0.8992
0.48205
1.44534
0.6081
0.650009
0.906727
1.09476
0.709343
1.26944
1.33316
0.97714
1.1846
1.01207
0.836053
0.981153
1.08541
0.828862
1.16197
1.46618
0.866762
0.863808
1.3004
0.978517
0.785255
1.28476
1.77503
1.0724
1.31034
1.08639
1.01144
1.30104
1.49509
1.05423
0.976363
1.31187
1.26293
1.3281
1.18519
0.76245
1.23873
1.17166
1.54189
1.31325
1.4683
1.20032
1.47527
0.960514
1.67161
1.47275
1.56519
0.828613
0.989647
1.24573
1.19646
1.55767
1.26456
1.49169
0.916862
1.05368
1.3757
1.47275
1.24736
1.83191
1.32906
1.40928
1.36414
1.47361
0.902469
1.43001
1.02932
1.32153
1.51587
1.31623
1.51222
1.27549
1.15276
1.16713
1.05691
1.42209
1.12639
1.31415
0.998862
1.23714
1.56742
1.65036
1.36876
1.36214
1.24133
1.01771
0.641024
0.892489
1.2802
1.11004
1.16315
0.976597
0.590538
1.06086
1.32795
1.08347
1.00439
1.28601
0.982566
0.944739
1.19955
1.10752
1.04069
1.26037
1.39497
1.06169
1.14978
0.769498
1.1467
1.09363
1.45642
0.907269
1.17974
0.825201
0.921949
1.17415
1.25819
1.50217
1.28137
1.07399
0.932545
1.53428
1.02443
1.13528
1.00018
1.36018
1.47116
1.01458
1.31863
1.0531
0.933722
1.10469
1.07336
1.13639
1.06449
1.17915
1.05716
0.973441
1.33435
1.10612
0.871861
1.20728
0.942727
1.16662
1.24227
1.34757
1.1798
1.2022
1.12099
1.15069
1.30653
1.45
1.1252
1.46969
1.36645
1.26549
1.06725
0.740572
1.18238
1.15028
1.09458
0.893688
1.20353
1.11093
1.13117
1.14176
0.769075
1.12668
1.30421
1.39587
1.13367
1.124
1.18534
1.17677
0.958741
1.63457
1.09993
1.35718
1.01104
1.10016
1.06576
1.47056
1.60049
1.27815
1.06017
1.08005
1.29465
1.27859
0.987364
0.999024
1.63958
1.11419
1.14014
0.958325
1.31324
0.908154
1.15579
0.957515
1.02863
1.08924
1.20611
1.20791
1.14558
1.40531
0.956845
0.728669
1.14457
1.01682
1.07938
1.07361
1.02891
1.19912
1.1309
1.27935
1.21239
1.14478
1.02597
0.865142
1.2198
1.21824
1.13729
0.989493
1.25976
1.23954
1.03354
1.39648
1.32049
1.14656
0.979728
1.41509
1.35857
1.03979
1.15414
1.59673
0.977426
0.914647
1.13059
1.20564
0.977942
1.34645
1.0236
1.22758
0.764266
0.97397
1.31989
0.881146
1.25868
1.64731
1.09914
0.891997
1.30847
0.92918
1.08066
1.31753
1.22381
1.42103
1.1748
1.28139
1.08828
1.02713
1.24003
1.56089
1.07015
1.18564
1.11667
1.02917
1.31246
1.27305
1.17474
0.985639
1.32577
1.17826
1.33445
1.11563
1.46136
1.15438
1.32201
1.24924
0.796314
1.39626
1.52752
1.80963
1.68558
1.17555
1.33615
1.50031
1.21742
1.57759
1.6151
1.25967
1.31489
1.29657
1.61754
1.69094
1.34117
1.60982
1.56967
0.837939
1.21592
1.69176
1.4869
1.39119
1.49632
1.04363
1.4503
1.37208
1.3834
1.47243
1.36592
1.74107
2.0042
0.987275
1.4218
1.73947
1.10035
1.23761
1.65636
1.32628
1.70964
1.42157
1.24631
1.23597
1.25517
1.03335
1.87827
1.2417
1.11943
1.39639
1.23025
1.25096
1.536
1.62123
1.20448
1.60753
1.57299
1.4786
1.51197
1.72324
0.807558
1.52711
1.52539
0.790189
1.39673
1.68285
1.02185
1.27912
1.21092
1.10482
1.69598
0.88007
1.17805
1.56829
1.18629
1.31577
1.29572
1.5308
0.948189
1.03331
1.48321
1.45632
1.6049
0.81984
1.35286
1.14052
1.3075
1.32236
1.33288
0.730549
0.84029
1.40162
1.02692
1.07275
1.13785
1.57224
0.767536
1.29455
1.22094
1.50391
1.22764
1.30807
1.56225
1.41955
1.93759
1.16953
1.20899
1.59096
1.20626
1.3904
1.53941
1.52652
1.51091
1.26067
1.08101
1.24962
1.55616
1.3149
0.917924
1.44382
1.38492
1.44792
1.78152
1.78542
1.25195
1.46187
1.74293
1.7044
1.50337
0.988044
1.02197
1.55089
1.30845
1.18998
1.7031
1.12616
1.54945
1.17752
1.41835
1.20242
1.33648
1.77132
1.5467
1.59975
0.939384
1.36421
1.17409
1.50933
1.32552
1.73628
0.932254
0.813625
1.36029
1.19021
1.092
1.12731
1.32169
0.816909
1.29981
1.46852
1.13879
1.05466
1.54924
1.51708
1.68257
1.77154
1.52056
1.47013
1.58851
1.15599
1.27615
1.34297
1.65322
1.55469
1.2755
1.23771
1.38291
1.61727
1.29359
1.28219
1.28417
1.67362
1.27372
1.65782
1.54993
1.27966
1.64095
1.73444
1.57766
0.920304
1.1246
1.26293
1.15319
1.07131
0.920555
1.25361
0.939597
1.08254
1.18373
0.940723
1.02803
0.828805
0.513488
1.29624
1.36839
1.30924
1.16571
1.12361
1.06275
1.12606
1.08016
0.9133
0.735803
1.35949
1.53026
1.40189
0.942493
1.12416
1.33673
0.833059
1.20999
1.06505
1.38671
1.49264
1.05999
1.28073
1.07829
0.604718
0.722008
1.11695
0.960063
1.2188
1.34722
1.15377
0.738579
1.24965
1.22964
0.887234
1.35919
0.905602
1.1936
1.17291
1.37454
1.12269
1.50115
1.43397
0.844527
0.998116
1.19444
1.03584
1.274
1.14086
1.01219
1.31848
1.26591
1.14282
0.91548
0.95015
1.11739
1.20485
1.41865
1.06139
1.1706
0.971555
1.29353
1.10866
1.27321
1.10767
1.36894
0.91578
0.817851
0.913607
1.3646
1.33668
1.06096
1.03366
0.914283
1.34132
1.02078
1.03064
0.691116
1.46981
1.52883
1.09659
1.27716
1.23008
0.892829
1.14358
0.941156
1.0345
1.2454
1.42576
1.03675
0.996964
1.29147
1.07531
0.942734
1.17215
1.06389
1.07552
1.36945
1.25026
1.30874
1.20977
1.12305
1.27517
1.20679
1.22467
1.22931
1.30272
1.20465
1.4052
1.12942
1.17679
1.04654
1.20389
1.03644
1.02614
1.23777
1.29994
1.3916
0.986773
0.751615
1.4208
1.40225
1.25284
1.15379
0.881
0.826615
1.27003
1.3385
1.18051
1.25384
1.05425
1.24728
1.30571
1.04692
1.1056
0.826081
1.23577
1.25008
1.09221
1.67423
1.31739
1.07947
1.16932
1.32209
0.855017
1.1403
1.13079
1.56759
0.92936
1.44713
1.4872
1.46124
1.37398
0.952578
1.20076
1.30667
1.22844
1.14098
1.03522
1.3532
1.46453
1.25317
1.45059
1.20917
1.11526
0.832117
1.41634
1.58013
0.964412
1.19906
1.05313
1.5914
1.28015
1.10468
0.803359
1.70923
1.12681
1.08886
1.28215
1.10025
1.38961
1.36219
1.515
1.34834
1.63131
1.28391
1.42881
0.977801
1.40835
1.16782
1.28913
0.927742
1.33747
1.19817
0.940202
1.14165
0.812816
1.11171
0.975345
1.05872
1.6402
0.777797
1.01478
1.2728
1.13747
1.21844
1.32438
1.17861
1.11818
0.958764
1.39735
0.811426
1.0704
0.792836
1.02661
1.1546
1.28067
1.16357
0.920134
0.999895
1.04575
1.22084
1.3478
1.26659
1.14796
1.36206
0.722918
1.06159
1.25609
1.19437
1.09719
1.29499
1.29078
0.734182
1.0556
1.10026
1.05456
0.941087
1.14801
1.1419
1.31366
1.00274
1.07814
1.38524
0.885519
1.00087
1.04485
1.15924
1.16081
1.09135
1.15679
1.05873
1.3691
0.829821
0.846766
1.44663
1.21369
1.11684
1.41385
1.48364
1.08192
1.35451
1.05654
0.522693
1.15089
0.803908
0.847311
1.21258
1.03625
1.0637
1.5914
1.55719
1.03605
1.09238
1.5034
1.30982
0.870979
1.00545
1.53879
0.742011
1.15212
0.834666
1.5375
1.1464
1.10925
1.34806
1.27399
1.3441
0.78275
1.26194
0.922402
1.57214
1.18343
1.19675
1.10158
1.45497
1.35633
0.87697
1.11218
0.885911
1.26052
1.45496
1.13665
1.18546
1.43051
1.23605
1.43888
1.21685
1.04618
1.03037
1.05459
0.849895
1.11099
0.995637
1.52636
1.14478
0.794984
0.883287
1.00489
1.11006
0.800902
1.10263
0.651673
1.28954
0.750401
1.45928
1.61945
1.187
1.30433
1.21337
1.06625
1.27612
1.48987
0.985395
1.27459
0.894454
1.61851
0.990541
0.743813
1.05872
1.6635
1.33231
0.973308
1.17456
0.98032
1.49708
1.39022
1.47148
1.22672
1.50087
1.48742
1.4931
0.987284
1.25009
1.31366
1.37622
1.23492
1.51266
1.36196
1.25064
1.33809
0.963691
0.989615
0.902436
0.690237
1.47635
0.964859
0.988378
1.31477
1.00538
0.918616
1.08675
1.24308
0.907946
1.09925
1.30787
0.733445
1.02177
1.0053
1.21317
1.6144
1.50472
0.922432
0.810725
1.06893
1.2503
1.44746
1.51146
0.993487
1.46248
1.4253
1.15165
1.53619
1.08332
1.17197
1.05687
1.68349
0.830381
1.51529
1.01743
1.02695
1.42486
1.07563
1.61149
1.585
1.03084
0.956707
1.57732
1.44123
1.16406
1.46874
1.44018
1.3267
1.61956
1.51147
1.2358
1.35898
1.10255
1.2637
1.23938
0.7046
1.24948
1.4843
0.902587
1.22246
1.45422
1.32228
1.35815
1.13393
1.23281
1.40664
1.32366
1.1586
1.58801
1.44346
1.15911
1.55491
1.61665
1.64966
1.46011
1.10319
0.861024
1.24538
1.00274
1.2995
1.17414
1.02799
1.42317
1.59008
1.19189
0.894058
1.05781
0.987812
1.11337
1.39843
1.67987
1.82585
1.06507
1.34078
1.62382
0.973166
1.1875
1.15366
1.49615
1.47448
1.04557
1.59978
1.3496
1.10017
1.13899
1.39088
1.05449
1.28088
1.12869
1.37996
1.27719
1.7788
1.36369
1.04158
1.622
0.741338
1.59753
1.21997
1.66842
1.22891
1.22949
1.7452
0.983996
1.48432
1.72179
1.02187
1.00213
1.46725
1.23152
1.20271
1.22267
1.37083
1.33514
1.08605
0.981145
1.24298
1.57607
1.20658
1.20127
1.10729
1.54376
1.02702
0.733017
1.16787
1.08584
1.07516
1.31171
1.17353
0.968593
1.36144
1.35707
1.27722
1.31318
1.17278
0.928352
1.14356
1.16194
0.959976
1.28973
1.56009
1.1521
0.941669
1.00284
1.1614
1.25391
0.921484
1.26794
0.624913
1.31908
0.804431
1.49839
1.45971
1.16624
1.47193
0.9867
0.953271
1.42605
1.36494
1.6238
1.36225
1.24357
1.40789
1.34687
1.23161
1.7343
1.60109
1.6583
1.07019
1.21331
1.31621
1.48223
1.57335
1.38201
1.34888
1.28959
1.05772
1.4273
1.3579
1.14983
1.90174
1.24523
1.29293
1.12964
1.65073
0.911732
1.33494
1.33321
1.10831
1.47945
1.1665
1.50995
1.33645
1.44349
1.36229
1.00548
1.49154
1.37908
1.16521
0.973123
1.12885
1.37112
1.2557
1.48842
1.50056
0.798013
0.742684
1.13229
0.834339
0.859199
1.04994
1.16788
0.939845
0.801581
0.878961
0.674912
1.06169
1.03086
1.0492
0.969824
1.2764
0.984477
1.17399
0.886149
0.883897
1.18341
1.10033
0.871917
1.08574
0.91719
1.07776
1.13376
1.36495
0.69963
0.949299
0.938868
1.12678
0.753819
0.897875
1.31344
0.936483
0.900781
1.05932
0.864156
1.08139
0.755238
0.666114
0.855402
1.09316
0.920556
1.35134
1.41523
1.30514
0.913704
1.31726
1.37661
1.31275
1.26152
1.50717
1.29644
1.20593
1.36552
1.44715
1.51427
0.992125
0.858745
0.739036
1.05927
1.29388
1.33685
1.53653
1.37161
1.23667
1.12662
0.880803
1.2883
0.988888
1.49815
1.36861
1.142
1.74864
1.46628
0.994026
1.4792
1.32422
1.09304
1.62352
1.38117
1.65236
1.40527
1.56915
1.30402
1.40281
1.59197
0.772075
1.66825
1.21523
1.5434
1.4825
1.44088
1.57498
1.25392
1.54474
1.49971
0.920169
1.47167
1.67885
1.23478
1.40363
1.12412
1.07814
1.07685
1.53357
1.38842
0.93339
1.84573
1.58546
1.45864
1.0333
1.52244
1.56778
1.215
1.21909
1.22589
1.26435
1.38264
1.18529
1.54593
1.07558
1.04365
0.878743
1.2736
0.982979
1.21191
1.61257
1.349
0.927079
1.54386
1.29502
1.30258
1.24168
0.871433
1.22238
1.40237
1.28351
1.39175
1.59503
1.69832
1.16955
1.32643
1.4779
1.11521
1.495
1.29748
1.0291
1.11046
0.811932
1.23404
1.2107
1.1061
0.849114
1.33413
1.53682
1.5944
0.708399
1.11782
1.40374
0.990038
1.03615
1.28679
1.30285
1.42687
1.20892
1.07209
0.98455
0.823461
0.536883
1.30608
0.892658
0.971563
1.33151
0.938151
0.81832
1.23789
1.20203
0.772354
1.26579
1.06164
1.09206
1.18349
1.32816
1.00645
1.50819
1.4979
0.489267
1.05244
1.27221
1.48304
1.06521
1.11061
1.28301
1.1379
1.2924
1.27054
1.51086
1.39509
1.53461
1.23804
1.61564
1.08084
1.33921
1.32167
1.25286
1.0255
1.33804
1.26119
1.18403
0.977166
1.00699
1.1072
1.02445
1.17297
1.718
0.836816
1.18729
1.10604
0.776397
1.45355
1.51451
1.07008
0.829062
1.08439
1.3077
0.996703
0.918354
1.13626
1.29646
1.04669
1.45975
1.06274
1.07748
1.34715
1.14829
1.37263
1.59071
1.27004
1.45246
0.799133
0.895916
1.51808
1.14326
1.3384
1.36844
1.39156
0.964468
1.63887
1.34316
1.42392
1.14191
1.48662
1.67568
1.38516
1.90631
1.36199
1.36909
1.4656
1.29069
1.34142
1.33456
1.28468
1.43772
1.21172
1.45409
1.47677
1.42438
1.4761
1.06904
1.37838
1.47887
1.55802
1.62359
1.4292
1.42347
1.57097
1.65259
1.83988
1.40337
1.53914
1.16051
1.06637
1.12573
1.23403
1.40342
1.50098
1.28828
1.61416
0.941959
1.43234
1.43604
1.27998
0.961139
1.10958
1.24949
0.959451
1.04543
1.55933
1.31019
1.22973
1.1206
1.55537
0.66884
0.950549
0.837363
1.4268
1.22143
1.70536
1.41249
1.28765
1.32711
0.915152
1.16999
1.07466
1.17013
1.17061
0.765335
1.66587
1.33377
1.2799
1.59336
1.25665
0.957221
1.52786
1.00298
1.1509
1.14003
1.12387
1.19941
1.22623
1.17967
0.617907
0.949453
1.35841
1.03365
1.36052
1.39619
1.09338
1.46774
1.02392
1.03432
1.0047
1.25325
1.14545
1.10176
1.12747
1.4495
1.02264
1.21332
0.771304
0.735807
0.971788
0.831574
1.14552
0.947423
1.0587
0.86869
1.46785
1.66413
1.16858
0.949744
1.35283
1.06632
1.16893
1.36567
1.43341
1.37623
1.14577
1.63529
0.944476
1.17135
1.31273
1.22556
1.40775
1.13223
1.31884
1.25888
0.945132
1.71199
1.28551
1.65725
0.859771
1.11644
1.28788
1.49783
1.16353
1.51464
1.86128
0.961727
1.20647
1.17139
1.16339
1.45553
1.00156
1.25673
1.13637
1.57411
1.34881
1.72522
1.78553
1.33337
1.2851
1.50568
1.58393
1.22688
1.24614
1.23528
1.14279
1.42235
1.42928
1.4084
0.762199
1.03581
1.61814
1.1975
0.874991
1.29977
0.98387
1.36291
1.27832
1.25061
0.685516
1.16012
0.848598
1.24404
1.02633
0.601272
1.43774
0.855361
0.839061
1.22422
1.06499
1.05707
0.881101
1.01839
0.961135
1.41348
1.18571
1.14381
1.44948
1.26129
0.878248
1.45519
1.5731
1.22761
1.30325
1.31039
1.6833
1.51678
1.63349
1.33063
1.55914
1.61644
0.717204
1.2946
1.19123
0.992108
1.41447
0.610459
1.67606
1.02711
0.996134
1.36818
1.60247
1.13958
1.45287
1.36234
1.43519
1.38422
1.75835
1.25332
1.36983
1.40667
0.808514
1.63402
1.28697
1.60045
1.27773
1.25576
1.43689
1.18067
1.59095
1.76123
0.578094
1.31508
0.677395
1.1459
1.31511
1.29564
0.72066
1.04707
0.942631
1.26274
1.1107
1.34148
1.31001
1.17789
1.51511
1.21223
0.900259
1.35428
1.29571
1.11756
1.31453
1.03992
1.40582
1.16127
1.08001
1.23772
1.21012
1.36913
0.988742
1.32677
1.01969
1.33512
1.27469
1.37438
1.10985
1.17274
1.33738
1.36089
1.00686
0.936722
1.27375
1.28881
1.14413
0.785368
1.18934
0.95034
1.16905
0.903026
1.45915
1.47841
1.32956
1.63313
1.34779
1.01684
1.25457
1.03077
1.09562
1.31363
1.35314
1.48051
0.990959
1.20425
1.32779
1.30426
1.45296
0.900183
1.38523
1.35507
1.42259
1.31657
1.46572
1.30747
1.21726
1.43652
1.41231
1.67298
1.48021
1.25874
0.929264
1.18137
1.29358
1.13811
0.911787
0.809418
1.55328
1.41683
1.28046
1.31703
1.31216
0.968916
1.05085
0.792135
0.931027
1.31999
1.71899
1.19398
1.05955
1.44613
0.988023
1.05343
1.18728
0.865302
1.22168
1.45252
1.21589
1.45825
1.50236
1.55623
1.11816
1.35053
1.18635
1.37282
1.75123
1.51541
0.803873
1.29115
1.34088
1.58997
1.67144
1.57592
1.6322
1.69869
1.72972
1.4346
1.31132
1.51237
1.69171
1.45516
1.45884
1.2369
1.59807
1.37156
1.03969
1.62477
1.46844
1.68983
1.44545
1.54369
1.2688
1.65337
1.48816
1.85336
1.45516
1.21678
1.57803
1.66068
1.14247
1.47736
1.10635
1.04413
1.35331
1.27464
1.22963
1.11015
1.40873
1.41285
1.78635
1.22968
1.31343
1.62747
1.62079
1.11474
1.56299
1.63101
1.32549
1.4948
1.1924
1.23774
1.64516
1.06371
1.3102
1.17115
1.41004
1.15554
1.82221
1.58276
1.31892
1.56632
1.60046
1.57649
1.57476
1.13244
1.31468
1.45337
1.39697
0.992216
1.4442
1.58748
1.44797
1.70054
1.26708
1.22
1.63166
0.992137
1.39526
1.61548
1.95482
1.42374
1.25612
1.14135
1.08392
1.60707
0.908447
1.27572
1.12331
1.67953
1.064
1.8819
1.74432
1.00962
1.78758
1.61766
1.33944
1.25914
1.48311
1.23439
0.601197
1.09206
1.3377
1.21631
1.27672
1.13851
1.21092
1.14044
0.544332
1.28181
0.598588
0.580108
1.2589
1.07786
0.832596
1.49725
1.30169
0.971778
1.19672
1.06185
0.923052
1.33051
1.12603
0.922862
1.1052
1.61119
0.950683
1.12065
1.35379
1.11682
1.25713
1.20773
1.24157
1.39446
1.45202
1.51645
1.44776
1.10056
1.0913
1.32029
1.05291
1.23197
1.23904
1.47857
1.14117
1.08839
0.695031
1.03613
1.17691
1.09227
1.10929
1.10397
1.28991
1.19958
1.55231
1.72566
1.11047
1.13336
1.48882
1.3531
1.39206
1.28417
1.30749
1.64226
1.01281
1.48806
1.34436
1.52761
1.01963
1.57497
1.46679
1.08143
1.62153
1.47482
1.57706
1.53103
1.12154
1.16416
1.38837
1.29359
1.33228
1.27144
0.990524
0.968909
1.62845
1.62763
1.42675
1.38645
1.26431
0.844959
1.26694
1.06423
1.00731
1.56829
0.729741
1.50756
0.985508
0.713321
1.24341
1.49459
1.11228
1.45179
1.37994
1.29367
1.16453
1.41108
1.25816
1.25396
1.40414
1.00819
1.51366
1.29732
1.58482
1.09827
1.34705
1.11153
1.0208
1.3717
1.51343
0.942918
1.29718
0.972053
1.25889
1.11433
1.24137
1.19416
1.06492
1.20154
0.62225
0.837855
1.42748
1.11799
1.17772
1.50875
0.987871
1.10102
0.936339
1.00753
1.00056
1.34862
0.906158
1.17246
1.021
1.4546
1.11086
1.37468
1.29408
1.43516
1.38576
1.01782
1.56168
1.3762
1.03295
1.30226
0.928848
0.894604
1.38664
1.55687
1.34236
1.14983
1.5773
1.11517
1.28601
1.18848
0.84302
1.22209
1.46729
1.18931
1.47296
1.06738
1.36014
1.5067
1.38113
1.33447
1.56233
1.10327
1.73316
0.614262
1.25049
1.39042
1.7745
1.23321
1.29936
1.60959
1.22153
1.28045
1.3824
1.32062
1.61482
1.07553
1.23817
1.35216
1.54992
1.46603
1.41428
1.55338
1.13958
1.28096
1.69609
1.86755
1.38838
1.1948
1.48322
1.23741
1.40314
1.53237
0.879293
1.1728
1.20231
1.59673
1.5094
1.5638
1.17578
1.31061
1.18288
1.17923
1.19405
0.924398
0.746036
1.35866
1.22702
1.6423
1.35245
1.32434
1.13477
1.42736
1.0437
0.75745
1.27369
1.57181
1.00644
1.44471
1.22651
1.21503
1.33197
1.68098
1.17301
1.13021
1.29333
0.989136
1.3864
1.11864
1.42798
1.22123
0.984101
1.29042
1.2565
1.22995
1.49003
1.41242
1.06823
1.17967
1.58333
1.14973
1.2182
1.46503
1.17872
1.43534
1.46907
1.16402
0.801653
1.24567
1.57765
1.12461
1.16166
1.09992
1.16065
1.45268
1.49293
1.076
1.04092
0.872829
0.965423
1.13428
1.45799
1.18344
1.13511
1.51213
0.854253
1.03919
1.07723
0.998826
1.21027
0.838195
1.07318
1.09735
1.32115
1.28549
1.35391
1.60924
1.00353
0.983808
1.46619
1.59746
1.0194
1.25178
0.915242
1.31519
1.19227
1.11454
1.01169
1.12687
0.990971
0.84312
1.16287
0.962539
1.11904
0.840521
1.15469
1.10445
1.3259
1.10272
0.927164
0.860054
0.924526
1.37254
0.818824
0.738372
1.21599
1.08381
0.63347
1.41062
1.43958
0.904628
1.33343
1.14924
0.918224
1.25228
1.26561
0.944399
1.36794
1.66271
0.902117
0.897767
1.34202
1.31921
1.39625
1.85905
1.45371
1.09872
1.38515
1.07199
1.30494
1.2011
0.952749
1.27629
1.64742
1.22036
1.74017
1.72379
1.48472
1.5249
1.63376
1.34573
0.905372
1.06885
1.10729
1.02876
1.43279
1.12362
0.978374
1.07219
0.898856
0.850477
0.973835
0.866665
1.07603
0.892975
1.52834
1.03732
0.933772
1.13358
1.19833
1.18874
0.853983
1.41435
1.38237
1.12732
1.14936
1.18784
0.890559
1.35423
1.0983
0.96324
1.26968
1.54706
1.07459
1.29219
1.51039
1.57722
1.39679
1.68706
1.67796
1.16463
1.71475
1.32531
1.39499
0.764091
1.48467
1.07346
1.102
1.76307
1.26672
1.07624
1.55247
1.25128
1.32338
0.948098
0.845967
0.903393
1.28581
0.924872
1.36218
1.27375
1.53303
1.51344
1.38023
1.02836
1.33947
1.51595
1.12749
1.42597
1.20276
1.24497
1.07088
0.935242
1.43482
1.24409
1.08864
1.52487
1.35061
1.16076
1.13111
1.36858
1.26328
1.43572
1.1363
1.46353
1.10098
1.38832
1.20766
1.6304
2.02549
1.0404
1.28405
1.44874
1.27223
1.02634
0.640247
0.969155
1.1454
1.2312
0.962779
1.65036
1.52186
1.16898
1.16385
1.53921
1.23265
1.2507
1.14624
1.06254
0.926635
1.23277
1.21755
1.30621
1.54452
0.833466
0.954547
1.1326
1.14672
0.793049
1.39813
0.718643
1.61207
1.51663
1.08349
1.3258
1.50583
1.32047
1.28526
1.17519
1.22364
1.41389
1.29852
1.46884
1.12497
1.47039
1.49591
1.22771
0.648944
1.40938
1.38834
1.38591
1.30971
0.982136
1.11223
1.15513
1.3091
1.33186
1.58825
1.06861
0.93694
1.11445
1.50963
1.37549
1.38366
1.42665
1.19108
0.907552
1.17073
1.4905
1.05192
1.13131
1.43402
1.69969
1.57839
1.30862
1.58527
1.50732
1.65378
1.47121
1.27626
1.40815
0.89536
