2.69059
2.90292
2.96055
2.91447
2.79022
3.07748
2.93764
2.2596
2.86407
2.85278
2.74587
2.61647
3.27795
3.24734
2.62172
2.77305
3.11422
2.85167
2.89831
3.29923
3.06879
2.73822
3.53625
2.44172
2.52602
2.95685
3.03038
2.85734
3.15136
2.85645
2.79623
2.73638
2.7734
2.93167
2.68091
2.82041
3.17927
2.92795
2.55304
3.24377
2.89911
2.83578
3.00588
3.07523
3.00409
3.0323
2.66395
2.95213
2.5188
2.80127
2.86285
3.05641
2.79047
2.99176
3.15406
3.02963
2.70603
2.57842
2.46316
3.09139
2.45258
3.05192
3.05237
2.42555
2.27098
3.12775
2.89957
2.89665
2.95143
2.92077
2.85255
2.77035
2.72676
2.85792
2.46827
2.99397
2.9646
2.92005
2.57624
2.53589
2.88713
2.76102
2.82271
2.41823
3.28944
2.57921
2.23548
2.70621
2.73965
2.76991
2.89393
3.06844
2.87278
2.53508
2.88015
2.82158
2.86353
3.02877
2.76025
2.75058
3.09873
2.74503
3.03033
2.63562
2.66816
2.89968
3.16739
2.3119
3.09125
2.37724
3.04044
2.8449
2.48522
2.68895
3.09113
3.30735
2.93519
2.61821
2.73488
2.67981
3.21191
2.81914
2.68302
2.66555
2.93617
2.74691
2.84757
3.08218
2.78163
2.5573
3.10221
3.07129
2.8541
2.78232
3.04027
2.81009
2.64439
2.9998
2.65926
2.71398
2.66892
2.90658
2.90706
2.41269
2.58345
2.96526
2.87773
3.06373
3.22889
2.82575
2.49046
2.93254
2.73524
2.78415
2.81317
2.47037
2.83408
2.96623
2.34805
2.84838
2.60119
2.92006
2.26848
2.8434
2.74418
2.66433
3.36731
2.54357
2.83909
3.1375
2.60078
2.61334
2.5447
2.6962
3.12261
2.84654
2.8987
2.54031
3.04833
2.57914
2.74716
2.60743
2.61374
3.00147
3.02236
3.23815
2.98299
2.79585
2.92127
2.89701
2.85011
2.81224
2.79746
3.2016
2.61922
3.06799
2.70943
3.46197
2.80532
2.96311
3.11351
2.86072
2.62823
3.10445
2.41831
2.94388
2.71606
3.30285
2.68623
2.63983
3.17459
3.21641
3.23944
2.95836
3.00135
2.57644
2.54102
2.83285
2.86569
2.86267
2.59106
2.88134
2.93926
2.95787
2.99998
3.19945
3.10023
2.64994
2.91416
2.70035
2.94717
2.92475
2.78907
3.23212
3.18199
2.79214
2.58936
2.8022
2.88246
2.68068
2.98849
2.70785
2.78382
2.85927
3.50579
3.15424
2.8826
2.85576
2.92676
2.83253
2.87843
2.6356
2.73651
2.87097
2.25493
2.54751
2.69333
3.11648
3.09824
2.82569
3.02064
2.6848
2.68894
3.28688
2.99126
3.13758
3.33055
2.54213
2.77589
2.79216
3.38854
2.94369
3.14085
2.58223
2.99213
3.12636
3.035
2.69144
2.95842
3.13736
2.81241
2.60864
3.03582
2.81731
2.89316
3.0175
2.81234
2.96085
2.70989
2.99069
3.03315
3.10277
2.88006
2.94748
2.87255
3.00529
3.27022
2.88844
2.78229
3.09952
2.86599
3.08962
3.20319
3.28079
3.40814
3.1518
2.93426
3.24974
2.73954
2.8972
3.43684
3.37116
3.19827
3.33565
3.18456
2.82882
3.01658
3.38531
3.03478
3.12783
3.05706
2.89825
3.19883
3.1509
3.23367
3.18397
3.02029
3.10983
2.92591
2.8267
3.61818
2.80765
3.11996
2.72711
2.61367
3.07394
3.43133
3.36499
3.75489
2.80713
2.77064
3.48174
2.82827
3.25358
3.00609
2.85216
3.25743
2.85995
3.01543
3.21319
3.20933
2.66462
2.66266
3.43077
3.1579
3.24178
3.22916
3.24646
3.30961
3.02163
3.04078
3.07912
3.45066
3.07905
3.4123
2.68158
2.98442
3.26816
3.50655
3.11756
3.11284
2.8478
2.68612
2.91923
3.34241
3.13689
3.08659
2.734
3.29822
2.83754
3.26731
3.27046
3.115
3.34146
2.98096
3.01052
2.98071
3.23923
3.55663
3.23552
2.91119
3.00358
2.54129
2.40857
3.18255
2.38356
2.78957
2.63728
2.52164
2.51463
2.39915
2.85818
2.64907
2.76934
2.64338
2.65814
2.34808
3.01359
2.85578
2.84197
2.56649
2.68746
2.60637
2.42321
3.06057
2.57456
2.70805
2.88098
2.65119
2.59893
2.75716
2.64462
2.57428
2.61769
2.88788
2.74418
2.82443
2.44283
2.42672
2.56238
2.82632
2.41694
3.18911
3.03389
2.81581
2.82985
2.38016
2.36781
2.66552
2.9724
2.67001
3.03073
2.7116
2.61304
2.87093
2.56964
2.37893
2.66924
2.59974
3.14434
3.04717
2.46314
3.11661
2.64708
2.63875
2.68795
3.02116
2.89595
2.71652
2.67157
2.55519
2.40264
2.44508
2.7749
2.68897
2.50653
2.78515
2.41666
2.67128
2.98638
2.7897
2.54525
2.69948
2.76374
3.12775
2.87575
2.62978
2.69084
2.57555
2.8072
2.98315
2.93369
2.65578
3.05681
2.99267
3.31099
2.92794
2.40963
3.02739
3.02533
3.40341
2.91287
2.80986
3.23969
3.02177
3.03616
3.15501
3.11551
2.83105
3.07782
3.127
3.09448
3.85616
3.1537
3.02041
2.93051
3.24814
3.09222
3.12347
3.14147
3.02673
3.25139
3.24456
3.02234
2.59827
3.05035
3.58355
2.9212
3.03404
3.36661
2.89461
2.99406
2.83181
3.25475
3.1478
3.12513
3.23505
3.36369
3.13221
3.36063
3.13125
3.01075
2.53051
2.81481
3.11283
3.34953
2.66116
3.08222
3.04101
3.07392
2.777
3.14696
3.02122
3.43428
2.94329
2.78794
3.2226
3.04845
3.0083
2.92252
2.97713
3.2634
2.79523
3.25295
2.95123
3.0961
3.11309
3.32747
2.93481
2.6161
3.23845
2.80588
3.00388
3.13197
3.37355
2.60838
2.88991
2.80124
3.29547
3.16075
2.83304
3.22643
2.87293
3.00561
3.10555
3.27265
3.14407
3.26117
2.75237
2.97256
2.91657
3.22586
2.69344
3.04975
3.0607
2.78801
3.02026
2.76127
3.09573
2.75201
3.03515
3.08543
2.68487
2.70762
2.55334
3.25172
2.59867
2.85186
3.08484
3.24072
2.28479
3.08623
3.05676
3.05143
3.0045
3.44579
3.1073
3.36324
2.9408
2.95911
2.84961
2.96809
2.73757
3.02795
2.68269
2.79511
3.03092
2.85958
2.52549
2.70365
2.7444
2.96972
3.22898
2.87715
2.98933
3.09572
2.50177
2.64706
3.41818
2.80261
2.86118
2.76695
2.99237
3.05628
2.65109
3.00992
2.7436
2.73739
2.89286
3.03824
2.63762
3.29817
2.93387
2.60132
2.83618
3.1103
3.21498
2.76591
2.86741
3.15172
2.63232
2.98146
3.0059
2.92431
2.93736
2.87515
3.32562
2.71611
3.3887
2.81815
3.42868
3.06778
2.93107
2.79678
3.14791
2.66668
3.17342
2.87091
2.83908
3.02613
3.01604
3.20334
2.61355
2.77451
2.8454
2.73907
3.0815
3.23975
2.52088
2.47718
3.21703
3.20335
2.65644
2.84091
2.86261
2.66945
2.4125
3.23038
2.62082
2.48211
2.71866
2.81901
2.52955
2.95127
2.70354
2.90273
3.12144
2.88458
2.33948
2.44127
2.83154
3.26209
2.97883
3.03631
2.95695
2.66084
3.00056
2.69056
2.78367
2.94644
2.72907
2.77676
3.24972
3.02678
3.33888
2.92919
2.44731
3.09754
3.11018
2.71529
3.08141
2.83545
2.8685
3.25758
2.37208
2.37581
3.02873
2.68935
3.33878
2.90942
3.09561
2.88382
2.55052
3.02408
2.82855
2.7405
2.8263
2.87748
2.8642
2.7111
2.92436
2.7642
2.97112
2.78034
2.57667
2.6054
2.27287
2.51474
3.22029
2.60634
2.28724
2.73844
3.12947
3.00103
2.75627
2.94876
2.77302
2.36418
2.68691
2.512
3.24132
2.9382
3.21321
2.95219
2.77551
2.71128
2.6202
2.73023
3.00878
2.86204
2.63644
2.78549
2.63921
2.86138
2.47082
2.85046
2.72424
2.79346
3.32641
2.39862
2.92284
2.28578
3.13904
2.66905
2.8479
2.26745
2.62352
3.02684
2.44264
2.40212
2.41505
2.93983
3.09355
2.79862
2.30074
2.87867
2.50606
2.53808
2.65181
2.90518
2.97251
2.82761
2.48927
2.57749
2.67156
2.86329
2.93548
2.46766
2.67458
2.59444
2.96762
3.04784
2.47931
2.65954
2.84158
2.53962
2.28335
2.83749
2.76898
2.57909
2.78991
2.90513
2.74577
2.6851
2.64032
2.45951
2.8174
2.83483
2.78036
2.83463
2.48908
2.74547
2.61452
3.1175
2.62266
2.48147
2.79987
2.58692
2.54479
2.65318
2.94154
2.6108
2.38885
2.65632
3.07494
2.51226
2.51391
2.53175
2.77974
2.72651
2.75849
2.79231
2.8896
2.74442
2.529
3.41059
2.73549
3.11557
3.27602
2.88472
2.70788
3.07124
3.06738
2.58829
2.65843
3.18093
3.16832
2.79782
3.54851
2.72019
3.18401
2.68117
3.1598
2.91293
2.97298
2.72466
2.80462
3.18466
2.70449
2.87854
2.84489
2.65673
3.20377
2.36364
2.79786
3.16302
3.24975
2.96564
2.45535
2.94471
3.11119
2.83066
2.68744
3.01897
2.82702
2.7438
3.15251
2.96009
3.0948
3.04759
3.22716
2.53512
2.41024
2.72248
3.01883
3.10456
2.88092
3.31827
3.25788
3.29437
2.62595
3.40057
3.01041
2.8583
3.04845
3.13246
2.82775
2.92425
3.1258
2.82177
3.04453
2.93334
3.05499
3.30549
2.57999
2.82371
2.87528
3.16018
2.20431
2.86865
2.86254
2.85775
2.58745
3.14737
2.78561
3.0756
2.92181
3.1204
2.77938
3.04517
2.85703
2.70668
2.61303
3.01913
2.96074
2.71532
3.10419
3.18834
2.97574
2.68029
2.61821
2.78123
3.10475
2.93447
2.54615
2.2698
2.59946
2.18324
2.78039
2.59896
2.68891
2.7761
2.64447
2.70506
3.05015
2.71864
2.69275
2.61979
2.98198
2.93768
2.66661
2.66541
2.77725
2.84844
2.87427
2.65464
2.65282
2.4082
2.41212
2.69069
2.82001
2.59369
2.93816
2.89043
3.03806
2.96515
2.66302
2.63248
2.53699
2.3389
3.15401
2.64461
2.44652
2.75124
2.44977
2.16899
2.83174
2.93394
2.90242
2.59521
2.89671
2.52036
3.02249
3.10695
2.87196
2.73336
3.10589
2.3909
2.80934
2.22853
2.87853
3.11321
3.14874
3.02724
2.58307
3.10142
2.76835
2.88651
2.96523
2.58828
2.81108
2.6996
3.06806
2.92309
2.91529
2.71263
3.04222
2.95008
2.97703
2.87388
2.65228
2.76402
3.0749
2.97747
3.1394
3.20964
3.02903
2.76866
2.71051
2.59265
2.79755
2.94089
2.83984
2.75341
2.66277
3.00725
2.60089
2.88821
2.67663
3.20311
2.74431
2.96334
2.73364
3.13618
2.75709
2.36598
2.56501
2.54946
2.96442
3.12219
2.6646
2.99243
3.08238
3.12695
3.08286
2.76379
2.86883
3.07328
2.8503
2.72533
2.97783
2.68937
2.79338
3.15555
2.70002
3.38405
3.08069
2.94995
2.73217
2.73904
2.78765
2.66577
2.63989
2.60112
3.17249
2.84378
3.01393
2.93368
3.22497
2.8029
2.91813
3.13899
3.25087
2.68324
3.06745
2.81411
2.79631
2.73661
2.98416
2.81247
3.31962
2.94456
3.10256
3.08196
2.77208
2.47856
2.98351
2.77402
2.87875
2.47373
2.78058
2.95741
2.68116
2.91752
2.95603
2.76356
3.16338
2.52861
3.09051
2.56747
2.76039
2.82635
2.63698
3.0285
2.47338
2.75687
2.89177
2.9354
3.0994
3.2947
2.80037
3.18747
3.59722
2.82279
2.85533
2.713
2.82968
2.7462
3.01622
2.88782
3.03329
2.84614
3.06334
2.97741
2.87703
2.74678
2.95843
2.80671
2.60535
2.93013
2.58354
2.57944
2.76909
2.72069
2.95119
2.49152
3.02064
2.82871
2.6814
3.21525
2.99137
2.88647
2.67217
2.95994
2.99399
2.76194
2.91501
2.88952
2.69774
3.12983
2.56434
2.75287
2.47643
2.80957
2.67175
2.94273
3.01989
2.7805
2.8798
2.76066
3.30052
3.39319
2.70144
2.59208
2.73662
3.04027
2.91286
2.62604
2.90606
2.58053
3.0259
2.7366
2.65943
2.82998
2.78881
3.06794
2.87525
2.68151
2.94281
2.94927
2.79506
2.85956
2.63273
2.87154
2.95464
3.42015
2.83774
2.86766
2.74557
2.96915
2.78619
2.76108
2.70124
2.94628
2.86295
3.04739
3.08731
3.19438
3.54369
3.33198
3.02471
3.33011
3.04768
2.9176
3.16898
3.05761
3.19031
2.88244
3.48207
3.05041
3.19148
2.79776
3.24735
2.71917
3.05022
3.1791
3.29876
2.70519
2.47519
3.17838
3.07242
2.91099
3.2285
3.21778
3.29019
3.20933
3.06591
3.2419
2.84527
3.14897
3.00616
3.03671
2.81038
3.11072
3.13886
3.11254
3.20243
2.86998
2.87576
3.27337
3.30955
3.02901
3.40072
2.76741
2.87249
3.37127
3.07853
3.10331
2.86956
3.18477
3.1296
3.05171
2.65582
2.93105
3.24977
2.8277
3.27357
2.81152
2.52581
3.37583
3.18609
3.33383
3.27281
3.04375
3.39183
3.10232
3.30264
2.75507
2.59274
3.51426
3.09273
3.43261
3.15288
2.99535
3.20863
2.73762
2.9602
2.96684
2.85689
2.52608
2.61582
3.17702
2.7433
2.9201
2.90015
2.76424
2.55629
3.1476
2.90554
2.84544
2.70244
3.07048
3.28536
2.98637
2.88056
2.35743
2.92229
3.22613
2.84699
3.24608
2.83365
2.92258
3.00116
2.8665
2.86284
2.76741
2.8853
2.95006
2.88467
2.99283
3.22605
2.88324
2.30516
2.99754
2.95246
2.9576
2.81929
2.89365
2.91543
2.78636
2.7424
2.96711
2.92143
2.76669
3.2153
2.81001
2.85813
2.95267
2.77906
3.3246
2.9626
2.78125
3.16207
2.77525
2.83506
2.93258
2.87823
2.90507
3.07046
2.3832
3.08563
2.9149
2.9474
2.63741
3.13137
2.84844
3.09356
3.09079
3.1253
2.93682
2.93507
2.93652
2.52075
2.84451
2.96401
2.62665
3.04236
2.90809
3.11113
2.96219
3.06341
2.61339
2.98794
2.96208
2.89541
2.7045
2.68686
3.18541
2.40847
2.42498
2.99932
2.35522
2.34036
2.6376
2.8396
2.8931
2.70222
2.62184
2.63357
2.75337
2.58265
2.96795
2.78903
2.83586
2.65479
2.96385
2.61257
2.49748
2.72353
2.85331
2.69742
2.59097
2.88904
2.8825
2.80343
3.07454
2.63024
2.59854
2.73588
2.98309
3.04682
2.85731
2.64998
2.67183
2.52153
2.8098
2.72543
2.6783
3.01408
2.89149
2.94516
3.01719
2.76118
2.86639
3.05789
2.82583
2.87853
2.53164
2.29676
2.60355
3.31753
2.39334
2.69036
2.94898
2.59847
3.01896
2.70739
2.45604
2.72117
2.51291
2.74439
2.69184
2.93037
2.83007
2.8544
2.93952
2.64547
2.40217
2.74984
2.84318
2.83751
2.46815
3.08291
3.03217
2.70305
2.91495
2.66194
3.0178
3.03765
3.0746
3.08613
2.91841
3.07572
2.94378
3.19315
2.85649
3.02158
2.91457
3.09717
2.51022
3.03581
2.95142
2.76682
2.58005
3.48494
2.59497
3.01701
3.06826
2.73687
2.89483
2.48488
2.86485
2.92373
3.04084
2.86188
3.16868
3.13494
3.09246
3.11499
3.01981
3.16533
2.68759
2.94632
2.86656
2.87487
2.6792
3.06866
3.06097
2.59498
3.22437
2.93027
2.57826
2.49236
2.84803
3.01344
3.03133
3.31676
2.75522
2.94134
2.89665
2.79773
2.79059
3.00816
2.71425
2.88166
3.37099
3.12628
2.80073
3.19236
3.09524
2.51536
2.78312
2.94715
3.10281
3.04949
2.57413
3.03419
2.6595
3.01935
2.70246
2.7901
3.22007
2.69686
3.10479
3.16211
3.09821
2.91665
2.83814
2.82924
2.73691
2.85062
3.00673
3.30163
2.9072
2.92568
2.38669
2.85535
2.59487
2.90798
2.58961
2.88187
3.05359
2.75736
2.34504
2.96687
2.5667
3.17814
2.12117
3.20434
2.74657
3.12906
3.00829
2.53075
2.51216
2.7518
3.01087
2.949
2.72651
2.77886
2.58263
3.1154
2.62808
2.65219
2.88489
3.06005
3.1374
2.66197
2.93999
2.69796
2.86059
2.73599
2.97188
2.78942
2.94464
2.96717
3.04382
2.80606
2.93656
2.67494
3.09853
3.00759
3.01601
2.9167
2.68578
2.7933
2.69064
2.65979
3.09746
3.25577
3.08203
2.9302
2.92902
2.97757
2.72762
2.46753
3.3969
2.91327
3.01958
3.17475
2.8743
2.719
2.92295
2.7841
3.36013
2.90423
2.65511
2.8773
2.62614
2.8505
2.73852
3.34715
2.93785
2.76438
3.26976
2.92851
2.86096
2.83065
2.87393
2.798
3.0774
2.58348
2.94885
3.10116
2.98847
3.19477
2.83728
2.60359
3.08078
2.53173
3.01751
3.12528
3.29586
3.23864
2.40802
2.88219
3.38676
3.17819
2.89343
3.47425
2.71433
2.91423
2.93675
2.93259
3.37935
2.94581
3.11403
3.06096
2.43872
2.89139
3.11161
2.86708
2.76792
3.11161
2.87152
2.98164
3.04288
3.58018
3.19349
2.77574
2.81784
3.08307
2.71669
2.80375
2.75511
3.02671
2.96071
2.89366
2.88684
3.02911
3.02567
2.78626
2.90223
2.98089
2.62309
3.18798
2.59672
2.99342
2.79195
2.92643
2.89871
3.04157
2.72734
2.92147
2.69456
2.93718
2.52381
2.87793
2.84586
2.73603
3.10588
2.90119
3.03576
2.52927
3.2218
2.77887
3.1784
2.49571
3.25419
2.63231
2.85946
2.27475
2.94133
2.82207
2.61213
2.93279
3.02757
2.6718
3.16951
2.75781
3.16849
2.81348
2.92238
2.92315
2.39009
2.93409
3.07992
3.07863
2.72911
2.98806
3.02355
3.02662
2.90402
2.86327
3.01815
2.80805
2.85444
2.7307
2.59044
2.36511
3.22995
2.89673
2.77554
2.82853
2.94728
2.54297
2.69226
3.04379
3.20406
2.57724
2.46085
2.86522
2.63363
3.19977
2.5415
2.84204
3.01822
2.88557
2.81132
3.34372
2.64511
2.71237
3.14492
2.85874
2.62675
3.04452
2.76385
2.62505
2.4916
2.63297
2.70487
2.75652
2.77986
2.43864
2.69837
2.79498
2.55637
2.83129
3.09447
2.89883
2.59427
2.96732
2.94108
2.86984
2.9351
2.83497
2.87886
3.07134
3.09824
2.81921
2.68058
2.77825
3.04261
2.70886
2.96361
2.71986
2.73255
3.14448
2.76927
3.15566
3.16185
3.06011
2.90917
2.78843
2.98925
2.87263
2.85874
3.2264
2.8031
3.00688
2.87366
2.79251
2.61195
3.0686
2.75239
2.76886
2.9896
2.62709
2.83519
2.72824
3.01222
2.59724
3.05722
3.13518
3.55202
2.89536
2.92319
2.78691
2.78861
3.30953
2.61064
2.52733
3.26481
2.82839
2.78179
2.79523
2.50557
3.00974
3.1472
2.95295
2.6852
3.29552
2.84828
2.7877
3.01434
2.69784
2.98462
3.01548
3.05091
3.08626
3.06967
2.90561
3.04447
2.94484
3.32731
2.81321
3.18735
3.15584
3.10642
3.0617
2.77872
3.15946
2.65416
3.23014
2.78566
2.51528
2.21305
3.25088
3.11884
2.88812
2.90674
2.70846
2.70016
2.91322
2.60852
2.6815
2.90685
2.91961
3.01557
2.8139
2.58564
2.74731
2.49766
2.97148
2.22615
2.58219
3.03412
2.80638
3.19087
2.76025
2.65827
2.81093
2.66588
2.55668
3.26007
2.52581
2.79078
2.93113
2.48834
2.5787
2.95034
3.22646
3.32223
2.73553
3.04375
2.86487
2.89044
2.85361
2.87408
2.90992
2.80589
3.09454
2.57677
2.55428
2.84386
2.79098
2.73431
2.76809
2.541
2.75087
2.86078
2.67259
3.05324
2.36001
2.52016
2.61663
3.0756
3.04676
2.70576
2.51722
3.03156
2.61127
3.09986
2.83845
2.97681
2.8202
3.0108
3.25566
2.95442
2.69808
2.79815
2.64292
3.17968
2.55763
2.49242
2.99091
3.0287
2.63866
2.76342
2.88562
2.78447
2.66251
3.19698
2.57647
3.048
2.58706
2.55657
3.15199
2.7444
2.78929
2.75339
2.89608
2.48415
2.57274
2.70442
3.26383
2.59836
2.84622
2.90205
2.80187
2.39422
2.97224
2.52076
2.47943
2.72157
2.44453
2.52803
2.7044
2.91824
2.85605
2.72855
3.04775
2.61745
2.36261
3.13229
2.92462
2.64817
2.79952
2.84653
2.79851
2.59923
3.16909
2.91087
3.0234
2.4357
2.94307
2.8169
2.61028
2.28176
2.76199
2.62118
2.76135
2.42679
2.97159
2.38734
2.7868
2.78968
2.54186
2.76983
2.79811
2.48158
2.75252
2.8102
2.61842
2.70214
3.17947
3.06028
3.26742
2.94687
3.31553
3.07147
3.11022
3.28268
3.06458
2.62658
3.49999
3.43861
2.83404
3.28089
2.87618
3.30008
3.1344
3.01707
3.09915
3.01598
2.76497
2.94916
3.23733
3.24102
2.921
3.35671
2.96806
3.15844
2.69797
3.4916
2.76423
3.06069
3.19231
2.90577
2.81852
3.37172
2.79857
2.66321
3.13937
3.48676
3.58511
3.32141
3.36505
3.10835
3.18845
3.47751
3.10678
2.82795
3.27983
2.74428
2.96775
2.76495
3.41959
3.37863
3.63104
3.39348
3.35345
3.56323
3.45257
3.0738
3.21203
3.19389
3.37046
3.04377
3.43237
3.0973
3.07924
3.09031
3.01841
3.38515
3.30677
3.31548
3.07032
3.14796
3.35509
3.40385
2.88156
3.04983
3.09839
2.22591
3.1036
2.70838
2.97852
2.83839
2.75941
2.9498
2.94294
2.80017
3.12056
2.99803
2.96981
3.0771
2.87932
2.75035
2.99087
2.74341
2.96978
2.77095
2.46786
2.51038
2.6741
3.06989
2.93666
2.8278
3.22553
2.49686
3.01286
3.27528
2.49432
2.66587
2.77315
2.73742
2.74124
2.93943
2.86517
2.62492
2.80659
3.0341
3.04917
2.84971
3.13923
2.71267
2.53211
2.8732
2.87114
2.63016
2.65323
3.22866
2.78064
2.8589
2.88003
2.67223
2.58505
3.18172
2.67793
2.97366
2.92488
2.67549
2.38128
2.64452
3.06979
3.05039
2.74022
2.83761
2.73382
2.84744
2.6891
2.98465
2.87824
2.8225
2.83875
2.86937
2.53779
2.70756
2.7158
2.965
2.95561
3.27883
3.19377
2.92204
2.67457
2.74324
2.87353
2.85653
3.05013
3.04239
3.05132
2.94862
2.79279
2.72047
2.50397
2.86523
3.06202
3.0382
2.88075
2.80368
2.91487
2.84267
2.85015
3.03957
2.93308
3.01322
2.88235
3.01153
2.65109
3.00544
2.39816
2.64895
2.70473
2.99751
2.76731
2.70581
2.84787
2.67991
3.10031
3.05074
2.77018
3.15895
2.75897
2.79518
2.64058
3.03929
2.884
2.64104
2.90806
2.87966
2.9102
2.77354
2.96941
3.09129
2.9989
2.97458
2.9221
2.91055
2.92233
2.80608
2.98808
3.11172
2.71654
2.50425
2.93083
2.8486
2.60717
3.12875
2.97992
3.14177
2.67808
2.61152
2.68826
2.68137
3.37213
2.63057
2.57043
2.4445
2.8258
2.65281
2.35876
2.85488
2.83482
2.53524
2.89365
2.44991
2.65108
2.55074
2.78032
2.84296
2.59853
2.19924
2.96708
3.27241
2.42082
2.53541
2.90564
2.62091
2.49196
2.66461
2.58696
2.78847
2.89647
2.27739
2.9175
2.63428
2.99609
2.57847
2.91095
2.54437
2.42314
2.75345
2.70937
2.99849
3.35123
2.87449
2.77448
2.44743
2.61082
3.19792
3.18656
2.55406
2.99445
2.86282
2.50218
2.76328
2.79247
2.33832
3.05194
2.58059
2.99985
2.80042
2.71921
2.35433
2.90953
2.9086
2.74254
2.66237
2.54532
2.64247
2.46797
2.66812
2.71646
2.99858
3.08259
3.11843
3.22018
3.04589
2.98795
2.89747
2.56663
3.04237
2.68799
3.04018
2.83167
3.26543
2.77037
2.70396
2.58898
2.79307
2.74603
3.01053
3.14661
3.19201
2.8282
2.92873
2.87285
2.86312
2.88348
3.41101
2.86063
2.72067
3.08842
3.0953
2.77219
2.72919
3.00798
3.10447
3.47765
3.157
3.21707
2.86327
2.84868
2.65619
3.12778
2.78119
2.821
2.96814
2.02505
2.65925
3.03289
2.80317
2.70179
3.09246
2.84266
3.21087
3.21584
3.00411
2.64674
2.65205
2.96199
3.04224
3.18554
3.02086
2.87468
2.99077
3.05021
2.55578
2.69716
3.27716
3.00109
2.75641
3.30628
3.2906
2.70878
2.97933
2.81768
2.94259
2.88879
2.81717
2.89283
2.74568
2.5154
2.73261
3.08121
2.69736
2.86439
2.51224
2.43713
2.62516
2.74549
2.16732
2.50956
2.91031
2.91476
2.97803
2.68116
2.65643
2.72993
2.49243
2.66296
2.98714
2.4152
2.71344
2.81094
2.89353
2.84037
2.60399
2.53173
2.69481
2.94213
2.67237
3.19578
2.59646
2.50302
2.93313
2.55185
2.9332
3.05896
2.70259
2.48681
2.87229
2.89485
2.65324
2.79349
2.69266
2.33522
2.93903
2.59022
2.97155
2.40855
2.92944
2.78409
2.92798
2.87522
2.9234
2.7434
2.83726
2.34908
2.9596
2.5399
2.57532
2.92458
2.74423
2.92223
3.06896
2.55264
2.88955
2.90347
3.05233
2.5962
2.95746
3.06695
2.82503
3.02542
2.73846
2.71724
2.76502
2.33941
2.74272
2.58011
3.08491
2.73471
3.01243
2.91038
2.93042
2.92678
2.7833
2.70698
2.53923
2.70596
2.79061
2.785
3.01231
2.43963
2.84263
2.48419
2.9187
2.90023
2.87116
3.22539
3.05891
2.80959
2.66306
3.01247
2.95908
2.73931
3.25429
2.64446
2.88253
2.94385
3.22176
3.19339
3.04433
3.08978
2.82914
2.78
2.80803
2.89676
3.03281
2.58342
3.28867
3.06768
3.14658
2.53221
2.99837
2.84475
2.64112
2.80812
2.87321
2.6209
2.78626
2.95671
2.75101
2.66004
3.2147
3.02748
2.26681
2.59426
2.82222
2.82082
3.39617
2.55607
2.95134
2.83993
3.04763
2.89106
2.73304
2.98634
2.88605
2.83034
3.02259
2.90352
2.81618
2.94071
2.96834
2.41654
3.38965
2.88371
3.14404
2.95753
2.5443
2.73252
3.2064
2.7585
2.10179
2.6467
2.6226
2.92265
2.8717
3.25124
2.83636
2.80633
2.85206
3.07926
3.10399
2.91128
2.47033
2.85716
2.91833
2.66386
2.82183
3.27836
2.81773
2.63728
3.01069
2.98074
2.93775
3.0535
3.03555
2.8655
2.75103
3.14481
3.29498
2.84907
2.64213
2.77196
2.57611
2.90056
2.86572
3.10503
3.13089
2.93145
2.94233
2.72388
2.77131
3.05306
2.83014
2.88532
2.69376
2.71027
3.07413
3.32669
2.82762
2.34736
2.27042
2.58952
3.14358
3.1215
2.63481
2.95912
2.86116
2.53257
2.9327
2.84774
2.66547
2.9364
2.86916
2.96415
2.62108
3.20847
2.79582
3.08847
2.57041
3.19858
3.26738
2.96567
2.76002
3.24942
3.14988
2.72481
2.91063
2.46899
2.87759
3.09962
2.96376
2.9202
2.77977
2.74805
3.18898
3.16458
2.78187
2.47624
2.56903
2.6569
2.68068
3.10559
2.83194
2.84698
2.6596
2.97314
2.55578
3.14606
2.90264
2.95004
3.17255
3.29676
2.46568
2.82078
2.9487
3.24393
2.92733
2.72885
2.94282
3.22965
2.87728
3.35863
2.77955
2.75961
3.18762
2.8402
2.59783
2.73845
3.02009
3.12071
3.23444
2.8845
3.03041
2.88862
2.98444
3.03372
3.1089
3.08261
2.96122
2.67807
3.29591
2.97888
2.94923
2.9596
2.78756
2.58497
3.18787
3.2032
2.74023
2.77032
3.40629
3.29554
3.07762
3.23077
2.92611
3.24915
2.88227
2.7542
2.81922
2.82798
3.24903
2.99695
3.40568
3.21907
2.4768
3.04484
2.73656
2.60745
2.94786
3.01053
2.96553
2.80108
2.82623
2.97352
3.04066
3.15762
2.7228
3.006
2.88643
2.54117
3.29935
2.99607
3.32047
3.10402
2.73455
2.76421
2.82622
3.12741
2.63485
2.9998
3.1446
2.64928
3.01439
2.79552
2.72389
2.8167
3.0262
2.74956
2.73259
2.57558
2.62703
3.03373
2.17189
3.09726
2.84406
2.99931
2.78043
2.51134
2.6042
2.938
2.39073
2.34318
3.05246
3.16367
3.24715
3.04191
3.25382
2.77883
3.04419
2.83228
2.87701
2.93688
3.1456
2.48267
2.56119
2.34909
3.13918
2.74955
3.58445
2.70326
2.59127
3.00753
3.04147
2.75969
2.6689
2.91393
2.53914
2.46841
2.99813
2.80684
2.95995
2.59905
2.75679
2.87577
3.14191
2.38795
2.66715
2.92084
2.99859
2.89755
2.76396
2.6862
3.4741
2.66074
2.9378
2.88094
2.78051
2.88833
2.7504
2.67087
2.60884
2.97383
3.10896
2.96278
2.79654
3.00714
2.98885
2.72375
2.69546
3.23626
2.87609
3.11973
2.80067
2.67501
2.82445
2.41406
2.41463
3.05614
2.87686
3.10836
2.86121
3.09553
2.67408
2.79208
2.90847
3.14681
3.49291
3.04959
3.16491
2.87144
2.91672
2.67468
2.67808
3.35588
2.97522
2.79477
2.77534
2.34451
2.8208
2.80546
2.73811
2.60206
2.76568
3.04967
3.04231
2.68407
3.05586
2.87984
2.5637
2.91215
2.94442
3.12739
2.90437
3.2567
2.79771
2.95938
3.12345
2.84577
3.09537
3.0837
2.9006
2.9098
2.74346
2.95925
2.87095
2.88787
2.81442
3.07955
2.80094
3.00886
2.97605
2.42425
2.97174
2.67246
2.90523
2.88614
2.66115
3.0287
2.50555
2.67115
2.53968
3.19308
2.67539
3.1777
2.94185
2.93284
2.47831
2.55123
3.15532
2.72884
2.70422
2.78859
2.74998
2.8164
2.70048
2.89048
3.00241
2.92347
2.34631
2.70065
2.78609
2.63501
2.63923
2.82056
3.01536
2.73628
2.86776
2.69946
2.92987
2.69264
2.82231
2.78433
2.69639
2.78701
2.38148
2.92316
2.89171
3.06022
2.84052
2.92685
2.28363
2.81749
2.89449
2.94818
2.7367
2.4785
2.20262
3.0426
2.70842
2.91537
2.89411
3.01553
2.61202
2.64312
2.96081
2.76927
2.8797
2.49617
2.71464
2.35306
2.25312
2.92423
2.88685
2.59042
2.87133
3.14153
3.17184
2.6508
3.21063
2.76324
2.46918
2.75378
2.72679
2.53237
2.92631
2.79055
2.50619
2.89065
2.84369
2.80477
2.8786
2.96283
2.54278
3.02767
2.80925
2.11354
2.50451
2.48569
2.79761
2.42884
2.65134
2.87355
2.55521
2.80217
2.85498
2.45405
3.043
3.01986
2.75702
2.96125
3.12665
2.98274
3.13213
3.05948
3.29542
3.41373
2.57683
2.54121
3.00178
3.18786
2.77331
3.10385
3.1379
2.82281
3.02253
3.26697
3.13244
2.77484
3.09005
2.76888
3.09792
2.66539
2.88123
2.98243
3.27312
3.07092
3.02341
3.01027
3.14612
3.10614
3.1396
3.55379
2.76487
2.67202
3.00019
3.12517
3.31328
3.15733
3.22727
2.51264
3.22213
3.51646
2.9386
2.83592
3.10084
3.04685
3.12109
2.89406
3.4488
2.95996
3.42975
2.56293
3.3566
3.216
3.35127
3.16626
3.4022
3.03512
2.92468
3.12408
2.73897
3.15602
2.93342
3.61643
2.99146
2.8022
2.81369
2.69833
2.34197
2.28566
2.46965
2.72012
2.87347
2.70689
2.57216
2.62
2.91213
2.55374
2.78485
2.94055
2.80073
2.27065
2.33576
2.61352
2.63335
2.88219
2.29689
2.4736
3.01485
2.99472
2.79907
3.03765
2.50334
2.23819
2.83907
3.05193
2.80271
2.96804
2.89646
2.52049
2.6238
2.25714
2.64479
2.99041
2.85044
2.83731
2.90061
2.80811
2.45559
2.30343
2.59043
3.16841
2.63124
3.18026
2.78687
2.84104
2.73664
2.8325
2.86191
3.11836
2.86084
2.64828
2.53299
2.62863
2.61404
2.93361
2.70253
2.88306
3.08436
2.91133
2.91289
2.78828
2.85073
2.93809
2.74375
2.66187
3.07544
2.72977
2.68466
2.88625
2.89428
3.05797
2.85644
2.86453
2.93203
3.05377
2.54829
3.23792
3.07046
3.14108
2.68099
3.34177
2.9006
3.27466
2.99702
2.89536
3.14327
2.94935
3.07395
2.89087
2.42877
2.90897
3.09883
3.20723
3.01325
2.50805
3.16528
2.6776
2.54222
2.65019
2.92736
3.11552
2.88085
3.26003
3.15715
2.86919
2.69019
2.93448
2.94289
2.68415
3.06665
3.03371
2.64582
3.12942
3.03347
2.89263
3.0116
2.77376
2.73555
2.94423
2.79187
2.96302
2.69544
3.4633
3.32055
2.78957
2.69178
3.04217
2.77313
3.16477
3.0514
3.01169
2.71495
3.09067
2.74606
2.77317
3.02779
2.54216
2.78759
2.93625
2.76903
2.97938
2.72748
3.17133
3.0181
3.06817
2.91463
2.89679
2.87034
3.03243
2.73433
3.0284
3.08025
3.23692
2.91796
3.27699
2.88405
2.8491
2.92249
2.71742
3.111
3.22061
3.20488
3.12927
2.83444
2.69212
2.88523
2.28968
2.80823
3.11128
3.12665
2.90659
2.93609
2.92555
2.87142
3.07029
2.67805
2.35448
2.95669
2.68538
2.48322
2.60506
3.29898
2.69532
2.36242
2.82872
2.63806
2.31444
2.89246
3.06579
2.84389
3.01655
2.4694
2.14457
2.84039
2.93798
2.8748
2.77562
2.68757
2.46359
3.00032
3.28538
2.4798
3.0104
3.052
2.76663
3.05331
2.41655
2.91583
2.70827
3.12763
2.77348
2.43073
2.55154
2.3889
2.7575
2.83431
3.02749
2.72894
2.59718
3.14836
2.76797
2.72926
2.53707
2.68357
2.98278
2.81601
2.60214
3.13712
3.10333
3.05995
2.8951
2.22884
2.84265
2.95473
2.41272
2.89573
2.69599
3.0399
3.02287
2.96229
3.09097
2.97812
2.58633
2.66516
2.85642
2.71377
2.85556
2.82287
2.80805
2.54652
2.50652
3.16733
2.8326
2.78131
2.95522
3.01631
2.57912
2.7619
2.60775
3.05123
2.84349
2.93448
2.97746
2.87693
2.87574
3.20117
2.62643
2.93772
2.48005
2.58575
2.77365
2.63112
3.04678
3.0107
3.0934
2.59919
2.99794
3.24795
2.85991
2.96701
3.00233
2.60868
2.81248
3.04049
2.9265
3.16862
3.12177
3.21377
2.72287
2.98065
2.81787
2.75446
3.08159
2.87809
2.85387
2.94742
3.03203
2.8404
2.73111
2.63228
2.6035
2.37352
2.46183
2.84876
2.78438
2.6258
2.74292
2.71821
2.72452
2.70794
3.15957
3.00341
2.31559
2.48421
2.73326
2.66875
2.99354
2.5791
2.65839
2.71945
2.65883
2.89172
3.03598
2.8732
2.53288
2.76432
2.60036
2.28066
3.14251
2.24309
2.86667
2.72483
2.86296
2.62858
2.72523
3.02182
2.77957
2.38355
2.85683
2.59333
2.60312
2.89013
2.92739
2.89084
2.5409
2.82418
3.02262
3.05293
2.86146
2.69228
2.91675
2.25886
2.74237
2.83119
2.72772
2.99246
2.61697
2.95521
2.5483
2.81726
2.33705
2.48597
3.25357
3.16436
2.96375
3.12008
2.427
2.83336
2.89066
3.08176
2.91586
3.47019
2.99237
2.46895
2.49322
2.69806
2.97233
2.80955
2.91892
2.94319
2.79742
2.72979
2.56494
2.8658
2.32026
2.86111
2.75336
2.90679
2.48973
2.9852
2.76576
2.95839
2.89636
3.25265
2.83837
2.77162
2.56748
3.25396
2.57123
3.01187
3.11834
2.65364
2.29426
2.98605
2.92852
2.3585
2.78765
2.78707
2.67208
2.79513
2.91617
3.09614
2.5742
2.61241
2.3835
2.52165
3.00426
3.19135
2.91191
2.7333
2.52933
2.86476
3.32364
3.15814
3.18686
3.12736
3.04248
2.68693
2.45637
2.82759
2.80147
3.16109
2.65
3.07574
2.68442
2.85439
3.11739
2.79912
3.07019
3.12974
2.94378
3.42347
2.64861
2.92478
2.86596
2.8543
2.78969
2.73867
2.78594
2.67349
2.97288
3.03984
2.98261
2.79446
2.80499
3.0006
2.98813
2.64454
2.52434
2.80215
2.82182
2.97577
2.71242
2.65841
2.66751
2.74393
3.14389
2.60512
2.57953
2.71691
3.38687
2.61713
2.63005
2.86512
2.74449
2.85951
2.92817
2.8114
2.93281
3.27051
2.67495
2.67996
2.58885
3.23829
2.42343
2.66527
2.84901
2.87214
3.03046
2.74128
2.90899
2.75751
2.9156
2.93861
3.37119
3.39061
2.64598
2.73278
3.17576
2.41995
3.11152
3.1842
3.11091
2.61821
2.96134
3.05147
2.63075
3.08367
3.07662
2.97423
2.88182
2.92738
2.77003
2.98718
2.73984
2.73997
2.85788
2.98692
2.43286
2.83025
3.22636
2.83996
2.33274
2.54004
3.34535
2.67349
2.84259
3.01564
2.99047
2.48371
2.58493
2.60309
2.75803
2.85512
3.25796
2.58054
3.04008
2.79942
2.50864
2.93924
3.08782
2.64829
2.82648
2.89015
2.87199
2.62532
3.25086
2.82919
2.48891
2.75017
2.50286
2.8882
3.14096
2.32556
2.74332
2.77521
2.86283
2.73977
2.73962
3.01634
2.74024
2.89038
3.13033
2.60894
3.01946
2.88805
2.7764
2.81438
2.75893
2.72481
2.71751
2.95302
2.88966
2.95488
2.78459
2.86408
2.72235
2.76889
3.06246
2.66125
2.96944
2.83641
3.12989
2.61898
2.54484
3.07327
2.9249
3.0716
2.77094
3.01258
2.99472
2.99378
2.80089
2.77171
3.15291
3.24846
2.66606
2.8553
3.06213
2.67916
2.65648
2.85101
3.21303
3.06152
3.00939
2.72031
2.95673
2.92067
3.03812
2.83299
3.08469
2.54799
2.87744
3.01172
2.59676
2.91274
2.76985
2.76119
2.20763
2.87275
2.49532
2.65271
3.10041
3.13699
2.64312
3.23798
2.70556
2.84723
3.0532
2.89797
3.24804
3.21841
3.07704
2.76059
2.18217
2.97132
3.07581
3.22861
2.44797
3.01551
2.67511
2.59814
3.03493
2.79237
2.74507
2.79925
2.34881
3.09287
2.58105
2.9531
2.72029
2.98485
3.10656
2.53382
2.56697
2.66183
2.74255
2.87891
3.05247
3.09425
2.59663
2.93266
2.73034
3.33217
3.0551
2.60165
2.91263
2.64355
3.27965
2.77136
3.1424
3.30288
3.34544
3.0823
3.22225
3.12756
3.14099
2.72679
3.10414
2.78852
3.07521
3.22272
2.68119
2.75021
2.78807
3.12395
3.14105
3.10037
3.04873
3.01396
2.96295
2.94207
2.77991
3.16974
3.07466
2.94689
3.1403
2.86056
2.88416
3.0728
3.03822
3.23907
3.08116
2.94633
2.63455
2.5583
3.22303
3.22812
2.93859
3.11731
2.83024
2.77106
3.14884
2.69742
2.93976
2.63459
2.93445
2.74628
3.13825
3.07743
3.06684
2.90181
2.89327
2.85354
2.92697
2.92487
2.72653
2.80232
2.59356
3.0389
2.84105
2.90102
2.60128
2.69116
2.79342
2.47632
2.43605
2.64446
2.78104
2.82183
3.06191
3.13359
2.60008
2.74385
2.93847
2.64407
2.84236
2.61826
2.92452
2.87616
2.98509
2.98916
2.9136
3.11752
3.34492
2.92738
2.82074
2.72473
2.95892
2.98385
2.80297
2.96882
2.68388
2.57451
2.27959
2.59154
2.78332
3.37806
2.94941
2.78778
2.69066
3.07979
3.12662
2.94852
2.72712
3.04819
2.7893
2.66752
2.1878
2.58288
2.73038
3.0626
2.65708
2.92479
2.76503
2.74523
2.84546
2.83982
2.76407
2.67632
2.98856
3.35661
2.94177
2.55934
2.61628
2.64941
2.72691
2.94766
2.60768
2.94043
2.66476
3.11086
2.9865
3.0337
2.88756
3.11467
2.49286
2.80384
2.77752
3.09747
2.68273
3.18681
2.8847
3.27406
2.75371
2.67344
3.03068
2.90231
2.82049
2.97912
3.15921
3.31053
2.86572
3.01761
2.49038
3.01709
3.26618
3.10505
2.84182
2.76911
3.00129
2.7721
2.96305
2.54585
2.90155
3.10431
2.82734
3.22342
3.01498
3.29258
2.88398
3.1929
2.98373
2.98761
3.2388
2.90236
2.7788
2.81246
2.63755
2.8314
3.43108
2.35058
2.71768
2.70516
2.86074
2.62879
2.95845
3.13303
2.92584
2.96838
2.62313
2.80164
2.88283
2.86891
2.56024
2.45135
2.59097
2.72697
2.93629
2.50834
2.96791
3.22483
2.67209
3.01003
2.61679
2.85137
2.97955
2.95389
3.09895
2.85761
3.14854
2.74946
2.82082
2.8303
2.96986
2.26057
3.0761
3.05798
2.85678
2.80935
2.34058
2.88853
2.86555
3.0188
3.21685
2.98144
2.82653
2.9137
2.80831
2.49569
2.90595
3.23479
3.10037
2.73752
2.97932
2.76616
2.5582
3.03917
2.82841
2.99847
3.28065
2.81607
3.23406
2.69294
3.19753
3.19701
3.09843
2.6693
2.45621
2.57555
2.11443
2.52825
3.37658
2.68395
2.93351
2.38977
2.95075
2.80815
3.08002
2.63982
2.91448
2.89432
2.8885
2.4858
2.92172
3.33588
3.12827
3.20237
2.7323
2.68172
3.06814
3.08885
2.82786
2.93829
2.95236
3.16622
2.88014
3.2464
2.83633
2.53676
3.12991
2.99501
2.78981
3.45923
2.98012
2.58396
3.11513
2.73656
3.03234
3.55358
2.84122
2.95673
3.31124
3.17821
2.52688
2.37379
2.92861
3.0867
2.91493
3.30506
2.78198
2.9035
3.21793
2.72212
2.68314
3.19178
2.8657
3.248
3.02917
2.87734
2.80869
2.29184
2.78885
2.81717
2.38097
2.77213
2.82838
3.10516
2.82339
2.85876
2.83835
2.51696
2.67277
2.61095
2.50626
2.68505
2.56301
2.79088
2.40576
2.50433
3.00753
3.06231
2.57815
2.52967
2.54086
3.03823
2.33371
2.55303
2.75195
2.81419
2.5486
2.8041
2.66873
3.09575
2.60048
2.93216
2.7919
3.03924
2.84593
2.55624
2.8587
2.39544
2.59424
2.79981
2.79503
2.50787
2.86206
2.79978
2.67612
2.62216
2.89357
2.80991
2.50503
2.86468
2.77409
2.81236
2.94628
2.53338
3.01212
2.65034
2.69797
2.97392
3.12393
2.99885
2.62268
3.27304
2.81492
2.66389
2.40872
2.64049
2.62964
2.47678
2.96336
2.83992
2.72323
2.82661
2.84267
2.67124
2.72855
3.14975
2.74496
2.68388
2.69781
2.84175
3.06992
2.79146
2.55616
3.17797
2.89825
2.75825
2.99799
2.53126
2.84615
2.94631
3.17826
2.93051
3.2817
3.12504
2.69112
2.44645
2.78839
3.04304
2.53281
2.60486
3.08741
2.86349
2.66698
3.04302
2.78568
2.71917
3.06882
2.75774
3.0021
2.42184
2.82749
2.93434
3.07919
3.15026
2.96676
2.78538
2.54977
2.48914
3.09514
2.58932
2.51866
2.95709
2.76585
3.03759
3.22471
3.10275
2.53903
2.88996
3.24874
2.8217
3.01612
2.51767
2.52135
2.93119
2.81743
3.18597
2.38651
3.23058
2.95041
2.75341
2.79062
2.65527
2.84893
2.81964
3.05561
2.63348
2.6313
3.06835
3.10448
2.65417
2.85097
2.53814
2.45426
2.78025
2.48124
2.84649
3.05836
3.06567
2.9408
2.61033
2.62851
2.85406
2.46072
2.72036
2.23985
2.62825
2.98808
2.6412
3.01615
2.7881
2.32716
2.76513
2.38792
2.3542
2.88272
2.85914
2.79207
2.2478
2.57664
2.34005
2.74964
2.61549
2.74072
2.55379
2.54794
2.85063
2.84329
2.64813
2.2891
2.84738
2.74022
2.56692
2.81028
2.96845
2.62316
2.63088
2.60824
3.05317
3.06316
3.05122
3.12197
2.87858
2.67052
2.99465
3.36634
3.11042
3.5377
3.14308
2.93202
2.60248
2.86888
2.95672
2.71937
2.84474
3.3079
2.96215
2.87955
2.89614
3.0734
2.90409
3.20394
2.8651
3.46614
2.96011
2.74774
3.34119
2.95543
2.91574
3.03118
3.13535
3.07585
3.10479
3.18368
3.0187
2.78656
3.05415
2.94052
3.14073
2.81624
3.15975
3.20298
3.19148
3.10253
2.46158
3.10828
2.85235
2.95651
2.95687
3.08777
3.08493
2.86542
3.19474
2.82263
2.93066
3.13064
3.09219
3.12667
3.22118
3.0715
3.41605
3.02831
3.00055
2.86993
2.42636
3.03258
2.81002
3.44987
2.83423
2.71212
2.84371
2.79264
3.29959
3.13102
2.755
3.11156
3.05627
3.06297
3.05844
2.70192
3.30392
3.12747
3.14827
2.85235
3.05019
3.19262
2.7096
3.06502
3.14419
3.11166
3.10878
3.17497
3.31304
2.70534
3.06626
2.95671
2.85289
3.08898
2.76307
2.95966
2.75691
2.76561
3.05228
3.10935
2.93391
2.81118
3.0628
2.81935
3.00825
3.21974
2.75165
3.05327
2.94005
2.83452
2.70055
2.74036
2.69618
3.19664
3.17386
2.44964
2.63029
3.04919
2.79505
2.64153
2.80279
2.72775
2.61415
2.55973
2.9697
2.68065
2.47706
2.74479
3.12707
2.86252
2.68329
2.78372
2.98321
2.85809
3.15323
2.8956
3.41796
2.95013
3.23434
2.67535
3.08482
3.06106
3.03133
3.12123
2.94687
2.84884
3.17282
3.0503
2.76724
3.11966
2.79997
2.96484
3.16202
3.2554
3.45238
3.04762
3.07365
2.90668
3.27713
3.31955
2.56151
3.04119
2.93695
2.99238
3.24058
3.12655
3.1983
2.95482
3.21038
2.88021
3.34702
3.15034
2.96641
3.098
2.85538
2.9812
2.52115
2.68877
3.10376
2.83028
2.87052
2.64713
3.01615
2.59593
2.98955
2.60414
2.87852
2.94598
2.85879
3.34259
2.9042
2.72539
2.77121
3.31187
3.07131
3.06974
2.88856
2.69903
2.64012
3.22635
2.60407
2.70684
2.65661
2.65408
3.09436
2.86742
2.72399
2.90468
2.85867
2.94514
2.68895
2.64778
2.7617
3.03683
2.50089
2.50797
2.88348
2.66636
2.9601
2.40741
2.81469
2.71834
2.78533
2.8028
2.66183
2.53281
2.77915
2.60565
2.91053
2.88179
2.62898
2.51655
3.22514
3.07931
3.24872
3.08209
2.69123
2.59438
3.23776
3.07163
2.91601
2.91447
2.87148
3.14689
2.76512
3.02147
3.24418
2.69415
3.04403
2.52381
2.90917
2.97977
3.10238
2.77971
2.91337
3.04046
3.0345
2.95857
2.60139
3.09664
3.03262
2.91753
2.75596
2.72516
2.9833
2.78683
2.87004
2.82998
3.17192
3.35291
2.82241
2.52308
2.68608
2.91916
2.78014
2.67934
2.94256
2.87243
2.63845
2.64806
3.00046
2.89428
2.52237
2.77735
2.84928
2.63689
2.70916
2.92819
3.38831
3.09898
2.91044
2.90243
2.73997
2.80554
2.65863
2.94821
2.87227
2.72885
2.92964
2.80551
2.95352
3.16385
2.57396
2.98566
2.7899
3.08245
2.62741
3.04981
2.91864
2.5954
2.86568
3.06636
2.70751
3.07163
2.77632
2.80866
2.95726
3.01601
2.98629
2.97063
3.15885
2.92781
2.9152
2.7234
2.90808
2.96967
2.68355
2.68129
3.10218
2.94853
2.92046
3.41784
3.11898
2.77921
3.40864
3.42026
2.65594
2.70726
2.9964
2.78579
2.8091
3.11358
2.71297
3.11852
3.13139
3.55279
3.11446
2.76144
3.30256
2.72307
3.15239
3.00096
2.26724
3.22636
2.80819
2.85847
3.12766
3.01999
2.81246
2.64068
2.86817
2.84412
3.0502
2.37957
2.68798
2.67988
2.92295
2.65626
3.09174
2.88817
2.76618
2.67337
2.61759
3.05251
2.58703
3.17122
2.55085
3.00199
3.20245
3.14029
2.55652
2.57513
2.35821
2.72062
2.84946
2.75219
2.51804
2.66828
2.79709
2.38273
2.80608
2.8899
2.72152
2.95169
2.62001
3.27952
2.83746
2.76754
2.9665
2.75528
2.46364
2.70528
2.70867
2.51939
2.71656
2.76415
2.62083
2.93916
2.44288
3.16862
2.74834
2.82967
2.63893
3.19458
3.09878
2.68297
2.72544
2.29964
2.51173
3.06855
2.9103
3.00671
2.98405
3.00436
2.69701
2.8315
2.59325
2.90545
2.72109
2.83861
3.01926
3.19711
3.39372
3.10199
2.80755
2.9553
3.38594
2.96759
3.1625
3.17053
3.00794
2.87955
3.17809
2.91166
2.92932
3.01774
2.65683
3.07189
2.94242
2.58654
2.93407
2.97379
2.82944
2.85257
3.14833
2.98488
2.46086
2.95611
2.22291
2.74427
3.14031
2.7807
3.25183
2.83249
3.04237
3.03171
3.06873
2.902
2.86624
2.83684
3.045
3.4106
2.97998
3.44244
2.91956
3.35314
3.3577
2.88179
2.92163
3.50076
2.91323
3.03585
3.2806
3.05009
2.64873
2.98189
3.24514
3.00867
2.58735
2.85606
2.49231
3.05915
3.11303
2.60086
2.20605
2.97363
2.32681
2.98401
2.65119
2.6917
2.95895
2.85313
2.54192
2.7471
2.98081
3.26638
2.96072
2.68084
2.48039
2.57805
2.90298
2.88683
2.323
2.71962
2.84976
3.04688
3.00937
2.43804
2.94891
2.51574
2.71773
2.50998
3.05739
2.91512
3.05973
2.90257
2.76367
2.86431
3.29819
3.20069
3.05759
2.81574
3.32387
3.06371
3.1483
2.87177
3.11273
2.84331
2.76926
2.66502
2.8099
3.41627
3.09337
3.31106
2.62682
3.21087
2.78065
2.5359
2.59593
2.81021
2.68933
2.71591
2.83014
3.00128
2.96087
2.71951
2.56646
2.97891
2.86761
3.28949
2.74124
2.83817
2.55125
2.73485
2.57115
2.55545
2.59634
2.72562
3.0248
2.42877
2.5325
3.1761
2.53669
3.13941
2.87337
2.86887
2.98217
2.89445
3.16114
2.84692
3.12364
2.95703
2.83005
3.05252
2.87809
2.91733
2.99971
3.16713
2.86151
2.92206
2.88364
2.55071
3.15425
2.92432
3.01729
2.52494
2.86526
2.62019
2.87276
2.75506
3.19255
2.68199
2.84341
2.60281
2.93499
2.76113
2.63125
2.64586
2.67552
2.7943
2.92829
2.76946
2.56617
2.71753
2.6261
3.37374
2.97047
3.53044
3.0341
2.74817
2.58693
2.85218
2.49509
2.97893
2.87204
2.6047
2.76182
2.57087
2.87979
2.87369
2.79896
2.77302
3.11993
2.78197
2.8367
3.03714
3.14503
2.69875
3.16277
3.19894
3.23466
2.73451
3.02071
2.89443
2.57076
3.29166
3.08264
2.47264
2.70257
2.86023
3.30966
2.56285
3.08737
2.72758
2.66904
2.66575
2.94585
2.9461
2.87826
3.40351
3.04639
2.88909
2.91375
2.96475
2.6893
2.53108
2.55979
2.63777
2.67936
2.72908
3.07316
2.35917
3.35217
3.17179
2.88268
2.92112
2.67921
2.62701
3.31081
3.13878
2.823
3.10951
3.03721
2.94977
2.98286
3.20125
3.28596
2.83546
3.04799
2.9494
2.65073
2.8367
3.26865
2.92988
3.02949
2.68127
2.87944
