28.6057
29.2628
28.8236
28.8195
29.0982
28.8886
29.2635
28.8437
28.8796
28.8489
29.0761
29.0156
29.0658
28.7445
29.3982
28.9829
28.8253
29.1792
28.8929
28.6575
28.7182
28.7077
29.0631
28.5673
29.0715
28.9444
28.9959
29.0999
28.7112
28.7823
28.8134
28.7577
28.9025
28.8787
28.4596
29.1186
29.3351
28.7177
29.0211
28.7711
28.5895
28.7504
29.1536
28.734
29.0101
28.8759
28.7045
28.2221
29.1736
29.0496
29.0222
29.2897
28.7519
28.7919
29.1796
29.0093
28.7142
29.276
28.6683
28.7943
28.8916
28.7983
28.7251
29.2052
28.7703
28.696
28.8448
28.7399
28.5852
28.8833
28.7181
28.6193
28.7402
29.0029
28.9464
28.9809
28.8884
28.667
28.8436
28.6766
28.8071
29.4557
28.4742
28.6682
29.1244
29.3609
28.9427
28.8824
29.0879
28.761
28.9097
28.6673
28.2962
28.6019
28.7509
28.9862
29.0437
28.483
28.8134
28.6809
28.6193
28.3955
28.8473
28.7295
28.8275
28.6583
28.3259
28.6637
28.7484
28.7115
28.6627
28.6728
29.0913
28.5039
28.6284
28.5336
28.4516
28.6204
28.2321
28.7731
28.8851
28.7919
28.6002
28.3291
28.6764
28.6697
28.4611
28.4089
28.7218
28.9097
28.7908
28.566
28.6147
28.6857
28.9143
28.4254
28.4426
28.8833
28.4425
28.6013
29.09
28.5542
28.5213
29.0666
28.4916
28.2293
28.2483
28.7763
28.8461
29.0769
28.284
28.6451
28.8826
28.7048
28.167
28.6377
28.6053
28.8862
28.5642
28.3888
28.9884
28.7698
28.6097
28.3107
28.4182
28.7503
28.4209
28.6742
28.8767
28.3509
28.3514
28.5635
28.3639
28.6382
28.7297
28.6963
28.7115
28.4567
28.9412
28.8255
28.6037
28.2317
28.6997
28.5247
28.5335
28.5365
28.3043
29.0249
28.9306
28.562
28.3727
28.6472
28.6994
28.5151
28.8721
28.396
28.5451
28.7681
28.8082
29.3752
29.02
29.1304
29.1413
29.0863
28.904
29.2987
28.5581
29.1396
28.8787
29.0522
29.7488
28.9395
28.9503
28.8747
29.005
28.9069
29.2622
29.0144
28.872
29.0708
28.8673
28.8179
28.8894
28.6197
28.7366
28.7624
29.0385
28.5974
28.9234
28.7374
28.8132
29.3092
28.8682
28.9407
28.8722
28.8617
28.6323
29.0373
29.2947
28.8271
29.0805
28.6167
28.4846
29.0815
28.6575
28.9563
28.7668
28.7287
29.282
28.8107
29.007
28.6306
28.994
28.7682
28.8223
29.0729
28.9406
28.9982
29.4948
28.9728
28.7162
28.6841
29.3108
28.8065
29.2358
29.3404
29.2681
28.8842
29.0327
29.0533
28.9463
29.1095
28.9506
28.9726
29.1448
29.0782
29.1839
28.8631
29.0347
29.1123
29.1252
28.6953
28.4968
28.6178
28.719
28.8552
28.763
29.0545
29.0454
29.0276
28.6315
29.2135
29.3014
29.1327
28.7924
29.1622
29.1368
28.5733
28.6322
28.8981
28.8436
29.0281
28.8567
28.4493
29.0192
29.2336
29.0645
28.7361
28.7547
28.352
28.7962
28.3672
29.0417
28.9244
29.0575
29.0766
29.1611
28.9089
28.9558
28.6903
28.6916
28.6716
28.596
28.7927
28.9768
28.6483
29.0537
29.1181
28.6113
28.9948
29.0632
28.6026
29.2643
28.9439
28.4818
28.7082
29.0258
28.6927
28.3256
28.7926
28.5353
28.7735
28.8645
28.806
28.4807
28.7293
28.951
28.6751
28.8015
28.7527
28.7413
28.8702
28.9909
28.768
29.3092
28.7082
28.9174
28.6383
29.0839
28.8436
28.7536
28.9782
28.5688
28.4327
28.6154
28.6607
29.2577
28.7248
29.2369
28.6642
28.706
28.3104
29.1429
29.1939
28.9492
28.8147
29.0477
29.0095
28.5713
28.5452
28.7595
28.7466
28.8138
28.2559
28.4589
29.0121
28.9571
28.7026
28.9826
28.5662
29.1731
29.1449
28.5963
28.9449
28.8003
28.7749
28.8143
28.7999
28.7778
28.479
29.0707
28.9576
28.2971
28.8789
28.5875
28.9481
28.4736
28.7364
28.8067
29.0243
28.9549
29.0131
28.7806
28.7893
28.7881
28.6105
28.5528
28.8663
28.6795
28.5905
28.8946
28.7105
29.0073
28.5079
29.0504
29.0061
28.7874
28.6849
29.3011
28.4067
28.7306
28.8722
28.6321
28.2757
28.8273
28.3797
28.5699
28.9685
28.4728
28.9964
28.8856
28.9747
28.803
28.7229
28.4452
28.6752
28.5704
28.7729
29.096
28.6252
28.5538
28.404
28.809
28.4781
28.8765
28.7552
28.5396
28.5483
28.7049
28.7151
28.4478
28.8619
28.6624
28.8198
28.7772
28.8712
28.7843
29.194
29.0629
28.6445
28.7109
28.5827
28.8319
28.5896
28.3619
28.8991
28.9823
28.7049
28.7277
28.6874
29.1856
28.6963
28.7047
29.0291
28.8366
29.0622
29.1095
29.3111
29.1897
29.3211
29.0198
29.1904
29.2085
28.7254
28.9713
29.3194
28.7452
29.1428
29.1423
29.0175
28.8833
29.0931
29.4423
29.1267
29.3783
29.1514
29.1606
28.6521
29.4909
28.6218
28.8845
29.1847
29.3041
29.2059
28.814
29.3716
29.1165
29.2759
28.8431
29.2597
29.0499
28.9545
29.2645
28.8146
28.9206
29.1774
28.9912
29.0781
29.0319
29.0509
29.2672
29.1653
29.311
28.9003
28.8644
29.4202
29.0055
29.3051
29.2807
29.4267
28.9251
28.901
29.2906
29.1872
28.7791
29.1371
28.8047
29.3347
28.9206
29.0245
29.2035
29.1127
29.0605
29.444
28.9943
29.1529
28.6832
29.5167
29.2908
29.2377
29.0998
29.2784
28.6661
29.0332
28.8415
29.4681
28.871
29.1757
28.9706
29.2595
29.1791
29.1578
29.1103
29.1715
29.3077
28.9298
28.8865
28.6454
29.202
28.9747
28.7358
28.8353
28.8383
28.6776
28.8874
28.817
29.2315
29.0678
28.987
28.4737
29.115
28.9474
29.1577
28.8905
29.0728
29.1403
28.7053
29.0497
29.1554
28.632
29.0155
28.5802
28.6213
28.7051
28.559
28.9299
28.8304
29.1067
28.7425
29.1345
28.8324
29.3313
28.8612
28.7622
29.2837
29.344
28.8445
29.2157
28.5837
28.8075
29.0116
28.8442
28.7464
28.8852
29.0733
29.1352
28.7361
29.2129
29.1356
28.9777
29.3071
28.5416
28.9365
29.0521
28.9008
28.9767
29.2038
28.7875
28.7076
29.1014
29.3391
28.6026
28.9596
28.8886
28.7528
28.795
29.2416
29.0167
28.8866
29.0541
28.9694
28.7667
28.8814
28.8259
29.323
28.9491
29.2042
28.5925
29.3068
28.901
28.9209
28.8921
28.9237
29.3412
29.1194
28.7071
28.9837
29.2084
28.8557
28.5273
28.7356
29.124
28.647
28.8301
29.4036
29.1204
28.8397
28.883
28.5413
28.9895
29.0086
28.9294
29.0755
28.8077
29.2667
28.9803
29.3868
28.8306
29.2421
28.68
28.8162
28.5922
28.9677
28.7124
28.9567
29.0759
29.4683
28.6165
28.7955
29.0921
29.3377
29.3382
28.6797
29.0239
29.1533
29.1632
28.8944
28.8057
28.7641
29.1171
28.5788
28.9986
28.9517
28.7989
28.9962
29.0228
29.009
28.8781
29.1493
28.9762
29.354
28.9664
29.4409
29.1538
29.0465
28.8528
29.153
28.6655
28.7446
28.794
28.9228
28.7618
29.1888
28.9504
29.0488
29.2661
29.3923
28.8278
28.7296
29.1809
28.967
29.0668
28.7432
29.1126
28.7052
28.6026
29.3612
29.1558
28.6969
28.7067
29.3592
28.7628
29.0316
28.9758
28.6185
29.2343
29.1076
28.7207
29.0345
29.3975
28.9318
29.1262
29.1619
29.039
28.939
28.7677
28.7864
29.1343
28.8242
28.9003
28.9124
28.9718
28.7816
28.815
29.007
28.9673
28.6085
29.1563
29.1891
28.9036
28.3554
28.7252
28.7543
28.6578
28.6011
28.5547
28.5394
28.8264
28.6401
28.7565
28.6224
28.8262
29.1188
28.8179
28.4453
28.8102
28.6751
29.0957
29.2799
28.6866
28.6749
29.0016
28.762
28.6612
28.4528
28.8793
29.0438
28.9557
28.8116
28.9377
28.7159
28.7117
28.5857
28.4885
28.8294
29.1113
29.0127
28.9369
28.5085
28.8895
28.6771
28.7752
28.7315
29.0654
28.8247
28.8214
28.5698
28.7827
29.1139
28.9268
29.1298
28.9825
28.5041
29.075
28.9883
28.6589
28.8756
28.8427
29.1122
28.7323
28.9867
28.8684
28.9578
28.6685
28.7525
28.7464
28.5833
28.8842
28.633
28.8372
28.6202
28.6089
28.5179
28.8865
29.0441
28.9349
28.8877
28.8077
28.8592
28.3138
29.1846
29.1031
28.9292
28.8873
28.6055
29.0318
28.6594
28.7654
29.1952
28.5483
29.1883
28.8489
28.4696
28.7941
28.6811
28.6511
28.7025
29.0486
29.0038
28.6893
28.2488
29.2989
29.0146
28.8158
29.0148
28.8061
28.6355
29.0719
28.9537
28.2793
28.9361
28.3573
28.5766
29.0714
28.6687
28.7449
28.9369
29.0263
28.6349
28.7196
28.8651
29.1542
28.308
29.0888
29.0961
28.4541
29.1835
28.7946
28.9736
28.8236
28.6435
28.7956
29.2874
28.8263
28.8866
28.9974
29.0379
28.9437
29.0845
28.7955
28.5903
28.6464
28.9681
29.1131
29.0249
28.6251
29.0116
29.175
28.586
28.9708
28.7703
29.1627
29.1698
28.669
28.8194
29.0587
28.9252
28.3886
28.7116
28.7735
29.0253
28.7226
28.5579
28.8837
28.9149
29.1368
28.6923
28.7617
28.8551
29.2126
28.7399
28.5665
28.9589
28.4315
28.5958
28.7925
29.1939
28.7458
28.9188
28.9634
28.2517
28.9512
29.2301
28.7376
28.7961
28.707
28.8764
28.923
29.0302
29.0294
28.9248
29.02
29.2475
28.6551
29.1349
29.0196
28.7401
28.64
28.6406
28.5484
28.825
28.6692
28.7717
28.8139
29.0799
29.2596
29.2932
28.77
28.9471
28.7274
29.1649
28.6529
29.3569
28.6662
28.7944
29.2458
28.9524
28.8829
29.0562
28.9891
28.6617
28.9076
28.8942
28.9821
29.0167
28.8227
29.0175
28.7373
28.6161
29.1976
28.5285
28.7179
28.8098
29.0188
28.8443
28.8145
29.1381
28.74
28.4989
28.8288
29.0106
29.3194
28.8285
29.1272
28.8377
28.856
29.3037
28.6711
29.142
28.5914
29.0726
28.9744
29.382
28.8468
29.0016
29.1314
28.886
29.4387
28.9685
29.0145
29.0606
29.1492
29.1078
28.8724
29.2052
29.0635
28.8111
29.0239
28.867
29.2981
29.0498
28.869
28.9032
28.2831
28.8777
28.6556
28.7874
28.9919
29.0382
29.0613
28.9067
28.9851
28.8311
29.1577
28.7177
29.4072
28.8605
29.0685
28.9261
28.7429
28.8859
28.6677
28.7171
29.35
29.0108
29.0734
29.1664
28.9323
28.615
28.8964
29.0401
29.0498
29.093
29.0476
29.2007
29.002
29.144
29.1667
28.798
28.9624
29.0966
29.0502
29.0726
29.2849
28.9973
28.6729
29.3107
28.9551
28.9678
29.0048
28.9985
29.3664
28.831
28.9092
29.2647
29.0748
29.1399
28.6427
29.1801
29.0499
28.986
28.7753
28.8512
29.4169
29.0716
28.7925
28.9745
28.9245
28.5782
29.0899
28.8474
29.1323
28.8363
28.641
28.5403
29.1585
28.6498
28.8123
29.0394
29.1537
28.353
29.0386
28.8217
28.9659
28.6345
28.3741
29.059
28.7123
28.5778
28.6378
28.7528
28.6535
28.8302
28.8848
28.6145
28.6224
29.2942
28.8053
28.5674
29.0362
28.9334
28.7266
29.0339
28.8206
28.7119
29.1151
28.5436
28.7542
28.9684
28.7541
29.3952
28.9625
28.5882
29.0691
28.6624
28.691
28.489
28.8382
28.2016
28.9534
29.0617
28.6197
28.9134
29.1174
28.6918
28.4664
28.6933
28.7854
28.5602
29.1447
28.6668
29.1357
28.2528
28.7318
28.8272
28.9334
28.284
28.7548
28.8078
28.4922
28.5144
29.1
28.8897
28.6252
28.5848
29.056
28.9203
28.9158
29.1304
28.87
29.1584
28.6047
28.4828
28.2985
29.0871
29.1707
28.7486
28.7957
28.5967
29.1313
28.9063
28.9677
28.5112
29.1617
28.7911
28.8215
28.8921
29.3879
28.9772
29.3493
29.131
28.6335
28.9515
29.0964
28.8032
28.6603
28.7318
29.0971
28.4625
28.8188
29.201
28.9801
29.4367
28.6909
28.9235
28.6883
28.9992
29.3079
28.5687
29.1076
28.6591
28.8338
29.2326
28.462
28.8567
28.7887
29.097
28.9585
28.8641
28.8512
28.9852
29.0953
28.7381
29.179
28.5418
28.7674
29.0559
29.1031
29.0644
28.8942
29.1315
28.3785
28.8663
28.6714
28.7683
28.7383
29.0914
28.8892
28.8955
29.0258
28.666
28.9094
29.2464
28.8682
29.1802
28.7116
28.8878
29.1835
28.6537
28.7914
29.1542
28.9697
28.5743
28.7835
29.1555
28.4271
29.1822
28.6445
28.4328
28.612
29.0593
29.1012
28.53
28.6476
28.8991
29.0017
28.8783
28.7609
28.6207
28.589
28.9159
28.7446
29.1505
28.7725
28.6938
29.0811
28.8986
28.7647
28.8473
28.7369
28.9457
28.7425
28.9379
28.6629
28.6801
28.7909
29.2825
29.0983
28.6324
28.8565
28.9618
28.6124
28.587
28.9465
29.0116
28.8288
28.9908
28.4318
28.428
29.1318
28.6691
29.2299
28.8421
28.8188
28.8321
29.0293
28.8652
28.7747
29.3094
28.8575
28.426
29.1961
28.89
28.2229
29.2235
28.8795
28.6138
28.7633
29.0512
29.0043
28.9577
28.9097
28.8854
28.8854
29.1384
29.0441
28.8207
28.7183
28.8312
28.7707
28.5183
28.8576
28.9349
28.6788
29.3907
28.8223
29.0896
28.5005
28.5956
28.7136
28.6941
28.8886
28.8306
28.7552
29.079
28.9165
28.6628
28.8533
28.8625
28.7459
29.0657
28.8927
28.8498
28.6387
28.565
29.1832
29.3226
29.1358
28.894
28.8951
28.9221
28.9726
28.678
28.8634
29.0458
28.69
29.2815
28.8283
29.0664
28.8737
29.1621
29.3214
29.0839
29.037
29.1334
28.709
29.0466
28.8595
29.2016
28.841
28.9719
28.9019
28.7471
29.1785
28.7832
29.1409
29.0185
29.0233
29.3438
28.8652
29.0907
29.0585
28.8838
28.9737
28.8822
28.9283
29.0016
28.9134
29.2293
29.09
28.949
29.0412
28.9491
29.0051
29.1652
29.113
28.9398
28.5957
29.2372
28.8032
29.4223
28.9292
29.0548
28.6811
28.9273
28.9819
29.2078
29.0849
28.698
29.0223
29.2499
28.8801
28.8369
28.6952
28.9536
28.9563
29.1588
29.017
28.934
29.1983
29.1221
29.1856
28.6168
29.0934
28.7319
28.9893
29.1929
28.954
29.1187
29.1982
29.083
29.2039
28.6445
29.1703
28.847
28.9104
29.2403
28.842
29.1119
29.2606
28.9764
28.9536
29.0286
29.1046
29.4985
29.0429
29.0297
28.9893
29.1792
29.1695
29.5212
29.1712
29.0816
29.1014
29.1471
28.7746
28.8185
29.0995
29.1618
29.1271
28.9814
29.2799
29.4137
29.2109
29.0882
29.2676
29.05
29.027
28.8956
28.8806
29.2615
28.7755
29.1817
28.8918
29.0373
29.1823
28.9648
28.9283
29.1351
29.1527
29.1148
28.7744
29.015
28.8841
29.0947
29.3579
29.1539
28.8038
29.1132
29.3308
29.2742
29.1149
28.8846
29.3696
29.2539
28.9191
29.4761
28.731
29.2054
28.9933
28.9173
29.3556
28.996
29.2296
28.9833
29.1561
28.9414
28.7439
28.7618
28.5513
28.6731
28.9836
28.9324
28.5588
28.8516
28.6504
28.7586
28.8422
29.1469
28.4328
28.8446
28.5867
28.5479
28.6153
28.4657
28.8603
29.0964
28.7371
28.8398
28.7771
28.7648
28.3829
28.7004
28.8493
28.784
28.6883
28.4753
28.3174
28.7424
28.5844
29.106
28.8519
28.4176
28.5723
28.6118
28.8349
28.5836
28.6138
28.4657
29.0731
28.4424
28.4451
28.8869
28.3932
28.6577
28.6679
28.6801
28.8587
28.7267
28.7305
28.9602
28.6344
28.6993
28.6304
28.6433
28.4131
28.9358
28.4657
28.4103
28.5961
28.5682
28.849
28.743
28.6384
28.9652
28.9256
28.7273
29.0002
28.9697
28.1672
28.4772
28.7142
28.8143
28.7559
28.8815
28.5111
28.3601
28.6166
28.3493
29.0216
28.4752
28.6966
28.6504
28.7482
28.6006
29.2241
29.0062
28.8966
28.8902
28.8711
28.7203
28.519
29.1548
29.0125
29.0029
28.6403
28.9904
29.2122
29.0627
28.9082
28.543
28.9789
28.8637
28.8433
28.7335
28.3153
29.0794
28.6709
28.5848
28.4583
28.7042
29.0639
29.152
28.9089
28.789
28.6865
29.2421
28.7272
29.2006
29.0828
29.1752
28.9511
29.0097
28.7307
28.9071
28.9126
28.7532
28.6908
28.8371
28.9875
28.8416
28.9772
28.6985
28.3699
29.1107
28.8856
28.9298
28.8488
29.1239
28.5746
28.9287
28.7482
29.3386
29.0475
29.1468
29.065
29.0952
29.0197
28.7812
28.8237
28.7708
28.7736
28.8478
29.1657
28.8252
28.9217
28.8233
28.9169
29.0598
28.826
29.157
29.024
28.9888
29.0822
28.4793
28.8999
29.1044
29.1401
28.9136
28.7503
28.7738
28.8522
28.988
28.9308
29.0057
28.8637
29.003
29.0873
28.2072
28.975
28.7113
29.2759
28.9185
29.0456
29.3057
28.9773
29.3214
29.11
28.4155
28.8349
28.7546
28.994
29.1044
28.8585
29.0169
29.5001
29.261
28.6188
29.2709
28.6025
29.2223
28.9859
29.011
28.7598
28.8327
28.3487
28.6936
28.8549
29.0128
29.0369
29.0131
29.0413
28.8325
28.8073
29.3198
28.9837
29.1577
28.6253
28.8833
28.7304
29.1309
28.9143
29.1924
28.6337
28.6651
28.9259
29.3244
28.6393
28.9267
28.9148
28.9649
29.2016
29.299
28.1996
29.0497
29.5845
28.9253
28.9043
29.0561
29.0729
28.4764
29.1686
28.8952
28.6628
28.8586
28.8302
29.2861
28.6765
28.816
28.9456
28.832
28.9815
28.9853
28.5517
28.7606
28.8036
29.0572
28.8102
29.0133
28.7799
28.5658
28.6554
29.163
28.9283
28.5803
28.6641
28.8902
28.6663
28.8026
28.9285
28.7965
29.1547
28.9198
29.1037
29.0559
28.91
28.4376
28.6606
28.4927
29.0445
28.8622
28.6269
28.9717
28.6924
28.9525
28.6033
29.0613
28.7339
28.4712
28.9754
29.0244
28.891
29.0066
28.868
28.8069
29.0484
28.6679
28.999
28.75
28.9313
28.7103
28.8104
28.8923
28.8749
28.6925
28.8915
29.1458
29.264
28.8585
28.7284
29.0008
28.8377
28.8841
28.9532
28.4856
28.4543
28.6354
28.8859
28.7457
28.5882
28.8601
28.4758
28.6697
28.9558
28.8654
28.5764
28.4645
28.5498
28.6896
28.8576
29.0731
28.9421
27.8033
29.1661
28.9023
28.2822
28.5177
28.9981
28.9196
28.7217
28.9218
28.5626
28.7497
28.6586
28.8267
28.3069
28.3556
28.7516
28.7381
28.8567
28.1507
28.3185
28.88
28.991
28.5656
28.8965
28.4997
28.9952
28.7552
28.4228
29.1146
28.9661
28.7201
28.6976
28.4475
28.8414
28.5769
28.4393
29.0084
28.9521
28.7614
28.7508
28.6002
28.7997
28.7553
28.5361
28.7548
28.6958
28.8332
28.9327
28.8684
28.6903
28.9244
28.6667
28.9414
28.6743
28.8634
28.796
28.7695
28.6369
28.585
28.6719
29.269
28.7365
28.7598
28.7182
28.4157
29.1041
29.0529
29.0875
28.985
29.5287
28.7769
28.8405
28.6848
28.7243
29.011
29.1553
28.6597
28.7089
29.248
29.3262
28.9047
28.9193
29.2121
28.8792
28.8837
28.9515
29.165
28.6071
28.8702
28.8239
28.9502
28.6478
28.7149
29.267
29.5055
28.7574
29.1789
29.0162
29.3467
28.8795
29.0502
29.1347
28.9466
29.1161
29.1027
29.2866
29.2691
28.959
28.7784
29.0066
29.0145
28.7327
29.2737
29.0875
28.9063
28.939
28.995
29.445
29.0455
28.954
29.1349
29.2497
29.2979
29.2907
29.4628
28.7448
29.1412
29.4039
28.9474
29.0648
28.8874
29.2631
28.8699
29.1536
28.7769
29.1155
28.7264
29.4996
28.9412
28.9035
28.9485
28.8904
29.3687
29.0099
28.9232
28.9962
28.8989
28.6323
29.009
28.8936
28.9972
28.8538
29.0872
29.0858
29.0494
28.9851
28.9443
28.5811
28.8348
29.1337
29.0592
29.0153
28.8924
28.6422
28.7487
28.8987
28.4165
28.705
29.129
29.0261
28.8
28.6923
28.7555
28.8842
28.8709
29.1054
28.8277
28.7808
28.8168
28.9781
28.4491
29.2045
28.6431
28.8324
28.6085
28.7313
28.922
28.7832
28.8648
28.7348
28.4093
28.7516
28.9947
29.2743
28.8664
28.9292
29.23
28.8391
29.1228
29.0966
29.1444
28.9011
28.8186
28.6545
29.2176
29.1659
28.6353
29.07
28.6489
28.9288
28.8443
28.9664
29.1074
29.2242
28.8946
29.0214
28.8121
29.1551
29.182
28.8959
29.074
28.6393
28.7759
28.6687
28.6868
29.1525
28.8537
28.6658
28.7863
29.2705
29.1556
28.9566
29.1673
28.9838
28.8646
28.8495
28.9541
28.8757
28.5337
28.844
28.5873
28.4948
29.1242
29.191
29.2486
29.0284
28.8835
28.8794
28.8116
29.1844
28.9539
28.4965
29.2071
28.6534
28.7682
29.1431
28.842
28.3812
28.8767
28.8001
28.6434
28.7621
28.9447
28.8298
29.4494
28.7172
28.6343
28.8785
29.0247
28.8832
29.0345
28.7336
28.7914
28.6274
28.7889
29.0458
28.8682
28.3504
28.9588
29.0782
28.5079
28.9264
29.0385
28.7554
29.3122
28.9531
28.9279
29.2746
29.0916
28.9979
28.9927
28.9031
28.9132
29.1451
29.1977
28.4995
29.0667
28.4424
28.7054
29.1637
29.2411
29.0177
29.0155
28.992
29.2928
28.6315
28.6933
28.9769
29.0848
28.4591
29.0355
29.131
28.979
29.0456
28.8975
28.7379
28.7269
28.7279
28.8529
28.9863
28.8351
28.2647
28.6382
28.7997
29.0319
28.8412
28.523
29.285
28.6725
28.6083
28.9845
28.7428
28.6493
29.0783
28.9822
29.3117
28.8252
28.8458
28.4526
28.8008
28.7613
28.9873
28.779
28.9518
28.6936
28.9351
28.4619
28.82
28.7736
28.8869
28.7384
29.0857
28.9812
29.1115
29.0453
29.4914
28.8629
29.2821
28.8019
29.0434
28.9032
28.8583
29.0549
28.9024
29.0779
28.8659
28.9555
28.5146
29.1079
29.1107
28.8129
28.7651
28.9842
28.7602
28.8141
28.7055
28.5835
28.864
28.8317
29.2447
28.9431
28.8528
28.8882
28.9645
29.036
28.7608
29.0591
28.3281
28.7895
28.8202
28.8093
29.2171
29.0631
28.9728
28.7743
28.949
28.4412
28.8191
28.525
28.9611
29.0455
28.8964
28.7244
28.5902
28.7206
28.6014
28.5413
29.0054
28.9286
28.3823
29.051
28.9108
28.9863
28.7832
28.4277
28.8082
28.8536
28.575
28.8821
28.8366
28.9321
28.6996
29.1937
28.4255
28.8361
28.515
29.0882
28.6472
28.9056
28.9649
28.8883
28.9801
28.5245
28.6547
28.84
29.0125
28.8191
28.8679
28.7198
28.7176
28.9387
28.8012
28.9205
29.0071
28.837
29.187
28.9902
28.6686
29.1485
28.9333
29.0462
28.8501
28.9169
29.262
29.0428
29.2611
28.7855
28.8717
29.0971
29.1347
28.8194
28.7602
28.8377
29.3215
29.2124
28.6359
28.9594
29.2592
29.0713
28.7152
29.1055
28.7906
29.2029
28.9956
28.9711
29.2478
28.8453
29.2211
28.7459
29.37
28.927
28.7802
28.722
29.002
29.0516
28.7779
29.4532
29.0528
29.1
28.9602
29.1548
29.0172
28.7828
28.7635
29.1766
28.9869
28.9052
29.0117
29.3074
29.1402
28.7588
28.9681
29.0185
29.0134
28.9572
28.9307
28.744
28.9574
29.114
28.4319
28.853
29.1478
28.8652
28.8518
28.8703
28.741
28.8029
28.5692
28.5797
29.2093
29.1014
28.5562
28.6967
28.7094
28.823
28.5277
28.9113
28.6864
28.7708
29.0044
28.9245
28.6886
28.393
28.7257
28.918
29.1152
28.5583
28.6128
28.7095
29.0777
28.8322
28.6455
29.2412
28.5327
28.6021
28.9906
28.8443
28.5489
28.6117
28.4842
28.5808
28.8207
28.7022
29.0668
28.7201
28.5284
28.2923
28.6999
28.4516
28.6925
28.5909
28.9764
28.6184
28.9569
29.2385
28.8067
28.6333
28.7151
28.7208
28.7895
28.9829
28.6873
28.9741
28.8083
28.5804
29.0483
28.9263
28.4818
28.9494
28.9175
28.6974
28.7415
29.0165
28.4615
28.808
28.6739
28.7918
28.4203
28.648
28.7948
28.8492
28.461
28.3334
28.6422
28.732
28.798
29.2196
28.7326
28.2992
28.8374
28.394
28.9185
28.4752
28.7805
28.8724
28.9805
28.4347
28.8377
29.1504
29.124
28.6003
28.5677
28.6075
29.0477
28.1652
28.9648
28.9679
28.9886
28.6239
28.5239
28.6701
29.2694
28.6568
28.6798
28.5227
28.5724
28.6614
29.0319
29.0427
28.7887
28.7777
28.6275
28.3574
28.2454
28.7954
29.1528
28.7539
28.8084
28.9734
29.1119
28.5225
28.808
28.6943
28.806
28.1512
28.787
28.5662
28.9722
28.736
28.7047
28.5668
28.8725
28.8676
28.6749
29.048
28.4587
28.4495
28.888
28.6619
29.2337
28.4424
28.9464
28.5964
28.4659
28.8625
29.0383
28.793
28.6123
28.8224
28.6388
28.5685
28.3948
28.786
29.1628
28.5249
28.7517
28.8674
28.5259
28.9403
28.7586
28.5519
28.6123
28.2674
28.6416
28.8085
28.7521
28.8142
28.9291
28.2263
28.5188
28.7425
28.4441
28.8306
28.5529
28.4932
28.7113
29.0718
28.8015
28.4603
28.4925
29.0711
28.5566
28.2104
28.7511
28.8128
28.5815
28.5901
28.5302
28.7926
29.0664
28.9402
28.7677
28.6158
29.0428
28.8492
28.6381
28.7345
28.8327
28.6658
29.0595
28.5624
28.7515
28.9411
28.7365
28.4919
28.7898
28.7019
28.9813
29.1248
28.6815
28.6896
28.9896
29.2578
28.8401
28.6083
28.6562
28.601
28.621
28.6675
28.5367
28.7695
29.0286
28.9612
28.715
28.8747
28.9795
28.8787
28.9936
28.7454
28.5817
28.7104
28.6106
28.7904
28.8437
28.7869
28.5894
28.6901
28.7869
29.1277
28.4361
28.9192
28.415
28.702
28.8862
28.8159
28.8987
29.0302
28.6212
28.8886
28.9961
28.8942
28.6113
28.9807
28.7242
28.9295
28.669
28.736
28.8071
28.5681
28.7843
28.5086
28.4914
28.6586
29.0058
28.923
29.1443
28.7
28.9161
28.6881
29.1002
28.8661
28.717
28.5688
28.7758
29.4007
28.9724
28.9637
29.1377
29.0036
29.3042
29.0658
29.013
28.6218
28.9166
28.8288
28.2662
28.6114
28.5123
29.1793
28.8564
29.0368
28.7376
29.0571
29.2818
28.9187
29.0042
28.9172
28.825
28.9611
29.1542
28.695
29.2371
29.0387
28.6121
29.0931
28.943
28.5134
28.9053
28.8591
28.6333
28.7156
29.0502
29.1072
28.9897
28.8849
28.669
29.231
29.082
28.5912
28.9864
28.4056
29.048
28.8008
29.4406
28.9729
28.8637
28.7085
28.7999
28.8621
28.6751
28.4798
28.2369
28.6274
29.0226
28.9081
29.0603
28.5565
28.664
28.5896
28.87
28.8481
28.6909
28.9879
29.1243
28.4471
28.9966
28.9628
28.8756
28.6316
28.556
28.8881
28.3924
28.77
29.1444
29.0713
28.7144
28.9972
28.7302
28.5501
28.5861
28.6517
28.6606
28.7571
29.1802
28.6583
29.078
28.7544
28.7528
29.1068
28.8165
28.6697
29.1332
28.5325
28.9572
28.5715
28.789
29.0268
28.8999
28.9231
28.5979
29.0262
28.8515
29.1073
28.8105
29.0962
29.0471
28.6394
28.6848
29.0111
29.0604
29.0699
28.3901
28.9583
28.8505
28.3644
29.0757
28.8227
28.7868
29.1165
28.4869
28.5042
29.1354
29.0182
28.4282
28.6539
29.0272
28.8076
28.8919
29.0517
28.3272
29.0573
28.7656
28.7382
28.7391
28.8642
28.6878
28.6825
28.5609
28.9683
29.0501
28.6315
28.844
28.6724
28.7982
28.7135
28.9676
28.8264
28.2505
28.712
28.6101
28.9226
28.7554
28.5418
28.6623
28.6506
28.6109
28.9753
28.4524
28.7853
28.6587
28.4063
28.6875
28.7788
28.9291
28.4829
28.993
28.5548
28.6577
28.4801
28.9464
29.0201
29.0791
29.0696
28.8429
28.644
28.321
28.5838
28.8632
28.9776
29.0349
28.5127
28.7463
28.5857
29.1334
29.1584
28.8361
28.895
28.427
29.2676
28.8233
28.8172
28.612
28.583
28.4625
28.8142
28.6835
28.5072
28.6804
28.9752
28.7509
28.7824
28.6333
28.7084
29.1107
28.8101
28.583
28.8001
28.9509
29.0021
28.891
28.9058
28.6573
28.5686
28.5367
28.6208
29.017
28.8599
28.8163
28.6885
28.709
28.9529
28.5153
28.4033
28.6996
28.7663
28.7524
28.8506
28.8417
28.29
28.6142
28.9006
28.8588
28.8815
28.9583
29.0366
28.5619
28.6563
28.7578
29.0159
28.1385
28.838
28.792
29.0084
28.808
28.7931
28.4451
28.7842
29.0454
28.6258
28.846
28.5071
28.6771
29.3145
28.7029
29.2235
28.8198
28.7792
28.9409
28.8235
29.1736
29.1275
29.1415
28.8642
28.5289
28.7872
28.9649
29.1995
29.149
29.2487
28.5508
29.2096
28.7762
28.8797
29.2609
28.8512
29.0234
28.8606
28.7293
28.8186
29.0413
28.7548
29.0301
29.2073
29.1137
28.7035
28.4611
29.0151
29.1752
28.8333
29.2692
29.3261
28.9884
28.8869
29.1792
28.8019
28.5918
28.8973
29.263
28.4643
28.9312
29.3449
29.2039
28.9697
28.9882
28.9553
28.7403
29.4245
28.9679
29.1856
29.2325
29.0591
28.8627
28.8306
29.2625
28.9968
29.0702
28.8703
28.8419
28.9424
28.9411
29.252
28.8744
28.6153
29.3013
28.9212
29.0405
29.4773
29.0651
29.3013
29.2327
28.6564
29.0218
29.1033
29.1876
29.0259
29.0869
29.3382
29.3855
29.2693
29.2519
29.3
29.0535
29.1534
28.6995
29.4004
29.1591
29.3193
28.8907
29.2463
28.9952
29.1661
28.9937
29.2767
29.1192
29.1515
28.9258
29.308
28.6828
29.23
28.9648
28.967
29.1822
29.0524
29.1638
29.0203
28.903
28.9838
29.1337
28.7943
29.4244
28.9809
29.2699
29.5457
29.2258
29.0501
29.0717
29.3628
29.1294
28.7953
28.9384
28.6844
29.0377
28.6992
28.8401
29.2053
28.9695
28.4079
28.1339
29.0589
28.9669
29.1769
28.9693
28.8739
28.8476
28.9757
28.7285
28.8709
29.0322
28.5128
28.7175
28.5924
29.1409
28.9181
28.4572
28.9235
28.1744
28.6015
28.54
29.1196
28.1821
28.8392
28.8538
29.0643
28.91
28.6486
28.826
28.9498
28.8679
28.3306
28.8693
28.974
28.4101
29.3472
28.7044
28.7164
29.2947
28.7868
28.9878
28.5762
28.8161
28.7879
28.5933
28.6929
28.7774
28.8046
28.9079
28.9967
29.0079
28.7762
28.89
28.6168
28.7637
28.568
28.4814
28.9977
28.6335
28.677
28.7208
28.543
29.0534
28.9002
28.4791
28.931
28.8534
28.787
28.8401
28.5633
28.9133
28.7522
28.9428
28.6462
29.099
28.932
28.8473
28.6501
28.9386
28.7124
29.0413
28.7705
28.8244
28.9836
28.912
28.6798
29.1144
29.1493
28.3737
28.7926
29.1669
28.9071
28.4204
28.6463
28.6062
28.3363
28.5592
28.953
28.7505
28.572
28.7356
28.8049
28.7838
29.003
28.7796
28.6453
29.0877
29.4267
28.8604
29.5681
28.9896
28.5871
29.0912
29.1082
28.815
28.505
28.8986
29.04
28.7948
28.8047
28.8357
28.7855
28.9093
29.0488
28.7481
29.0383
29.1349
28.4605
29.1443
28.867
29.0262
28.7983
29.2224
28.9766
28.6598
28.8991
28.3589
28.6512
28.7934
28.4654
28.9407
29.1837
28.7073
28.8279
28.8571
28.8401
28.9908
28.5049
29.0131
29.0349
28.6644
28.8802
29.092
28.7466
28.5312
28.8211
28.8628
28.7921
29.2325
28.4427
28.5442
28.7971
28.5668
28.5544
28.9124
29.0109
28.9319
29.0053
28.3382
28.8981
28.6993
28.7137
28.6712
28.9694
28.9106
28.684
28.7776
28.4442
28.7417
28.8244
28.7699
29.0451
28.8146
28.9307
28.6445
28.9334
28.5358
29.121
28.8272
29.0289
29.3399
28.9912
29.2585
28.6156
28.5221
28.6278
28.8728
28.5944
28.8256
28.441
28.9148
29.1017
28.5667
29.1517
28.7817
28.9119
28.6671
28.6542
28.7452
28.801
29.0893
28.8626
28.9813
28.9057
29.0596
28.6153
28.8896
28.614
28.9751
29.0508
28.7897
28.507
28.6604
28.8927
28.6864
28.5378
28.6891
28.6388
29.0202
28.6843
28.3194
28.7836
29.1088
28.8126
28.857
29.1024
28.7689
28.9947
28.8005
29.322
29.13
29.0071
29.0097
29.0715
28.9635
29.064
28.7691
28.8378
28.6559
29.1857
29.0067
28.4841
28.7636
28.971
28.8213
29.4042
28.9021
29.0084
28.469
28.8271
28.5096
28.812
28.8379
29.2133
28.4531
29.1228
28.856
29.0929
28.1625
28.8005
28.3656
29.4043
28.6771
28.6856
29.2344
28.9271
28.7495
29.1811
28.648
28.9468
28.7114
29.1719
29.4984
28.9066
28.8366
29.0678
28.9614
28.6851
28.9021
29.0324
29.0315
28.9068
28.9236
29.1361
29.1371
28.7295
29.1907
29.1509
29.0773
28.8075
28.8923
28.7469
28.9845
28.9911
28.9721
28.877
29.111
29.2421
29.2519
28.8443
28.7565
28.7374
29.0168
28.7355
28.8903
28.9719
29.1942
28.8375
28.8941
28.8426
29.1047
28.9722
28.6816
29.1886
28.9747
28.546
28.7612
29.4824
28.873
29.0092
28.817
28.8328
29.4136
29.1233
28.9889
28.7778
29.4788
29.0538
29.2042
29.1685
28.915
28.3461
28.9808
28.7076
28.6737
28.6024
28.7645
29.082
29.0413
28.5459
29.0274
28.9631
28.9241
28.8126
28.9001
28.905
28.7786
28.6497
28.5162
28.7195
28.8166
28.344
28.7501
28.8667
28.8544
28.6215
28.5501
28.9238
28.6657
28.3132
28.6048
29.0396
28.8545
28.5541
29.0734
29.0616
28.4896
28.9668
28.7797
28.6944
28.7279
28.6339
29.2467
28.6586
28.8698
28.506
28.4622
28.6659
29.0698
28.8458
28.633
28.7332
28.4588
28.871
28.7138
28.8457
28.7763
28.6004
28.4995
28.6008
29.0583
28.5776
29.0355
28.7132
28.7585
28.7893
28.6825
28.6847
28.5875
28.6814
28.7701
28.425
29.1362
28.7691
28.9999
28.4733
28.768
29.0647
28.8785
28.8076
28.7536
28.3982
28.6393
28.6073
28.5364
29.0323
28.701
28.8215
28.6078
28.8967
29.083
28.7901
28.7378
28.7267
28.6263
28.9269
28.5968
28.5427
28.7464
28.2629
28.4768
28.8295
28.6169
28.7744
28.5479
29.1524
28.9634
28.7967
29.0317
28.6014
28.625
28.7586
28.405
29.1152
29.3077
29.1532
28.9715
28.9097
29.1824
29.0158
28.526
29.0142
28.6428
28.7384
29.0549
29.0263
28.878
28.9405
29.1411
28.6897
28.9732
28.9571
28.7195
28.5798
28.9377
28.6291
28.6669
28.5939
29.303
28.8477
28.7561
28.9036
28.475
28.9753
29.0175
28.8919
28.7397
29.0042
28.6212
29.4405
29.2211
29.0991
29.0335
28.9658
28.8004
28.6991
28.8884
28.4899
28.9028
28.8586
28.9224
29.1549
28.658
28.7168
28.8281
28.4015
29.3032
29.054
28.8033
28.8481
28.9453
28.8623
28.7262
28.8026
28.845
29.0006
28.3468
28.7319
28.929
29.3537
29.0218
28.3859
28.8038
28.9489
28.4421
28.5967
28.951
28.7741
28.4353
28.8042
28.4815
28.7582
28.6925
28.7627
28.6223
28.4221
28.7094
29.0127
28.749
28.949
28.9445
29.0146
28.9192
28.9568
29.0239
28.747
28.5619
28.7476
28.5079
28.9764
28.9675
28.906
29.0624
28.7678
28.9178
28.5701
28.7771
28.7945
29.2257
28.6037
28.6572
28.7682
28.9104
28.6379
28.4963
28.6035
28.6522
28.9652
28.4716
28.4946
28.3108
28.4274
28.497
28.542
28.4486
28.4285
28.6546
28.8304
28.2746
28.8238
28.3994
28.5213
28.4453
28.3334
28.5625
28.2492
28.7464
28.4051
28.8289
28.5352
28.5963
28.8106
28.932
28.7887
28.4365
28.7336
28.6384
28.5081
28.6909
28.7231
28.619
28.7417
28.7468
28.3333
28.6284
28.364
28.6088
28.5149
28.8871
28.3839
28.8409
28.3975
28.7469
28.482
28.7097
28.6251
28.4502
28.7791
28.7844
28.7465
28.7802
28.5799
28.2639
28.7205
28.9195
28.5529
28.6573
28.3432
28.9075
28.7693
28.5404
28.6724
28.8808
28.5917
28.6062
28.4885
28.6125
28.7345
28.7515
28.5655
28.8125
28.6649
28.987
29.1346
28.5451
28.9536
28.2278
29.0432
28.6407
28.6861
28.2246
28.9427
28.6991
28.6774
28.6477
28.8436
29.0194
28.6459
28.6017
28.9136
28.8216
29.1201
28.9626
28.8502
29.0622
28.9428
29.2275
28.8857
28.8542
28.6964
28.6254
28.5069
28.9886
29.5274
29.024
28.8247
28.7074
28.5524
28.7994
28.9115
29.0878
28.9843
28.8329
28.7877
28.864
28.7702
28.7556
29.217
28.9873
28.756
28.7107
29.1098
28.7072
28.8391
28.5956
28.6901
29.0943
28.8822
28.5766
28.803
28.9628
29.0001
28.4837
28.6485
28.5076
29.0104
28.9754
28.4342
29.2359
29.4248
29.0082
29.1057
29.0848
28.7619
29.0204
29.284
29.0951
29.1002
28.8673
28.7802
28.8767
29.1617
29.157
29.1572
29.0842
28.6111
29.3078
29.1095
29.0467
28.8962
28.7218
29.0235
29.3076
28.5898
29.0755
29.1588
28.801
29.018
28.9822
29.1578
29.1397
29.1025
28.9817
29.3305
28.9099
28.8742
28.9197
28.9116
29.4148
29.2754
29.1108
29.2149
28.9377
29.0021
28.9807
29.1268
29.2105
29.3035
28.7331
29.0033
28.7181
28.8004
29.0889
29.1169
29.1233
29.0909
29.0001
29.2513
29.1816
29.155
28.8763
28.7078
28.8447
28.868
29.16
28.7056
28.9683
29.4742
29.3859
28.8323
28.5324
28.7407
28.9363
28.9096
28.8856
29.085
29.0957
28.5254
28.4595
29.0867
29.0144
28.3482
28.7595
28.9282
29.1184
28.7268
28.8535
28.9187
28.8684
28.8898
29.1603
28.6496
29.0455
28.8922
28.7658
28.7185
28.9649
29.1441
28.9218
28.8199
28.4643
28.6636
28.4661
28.7685
29.14
28.6244
28.9237
28.7999
28.8332
28.7137
28.7698
28.8166
28.727
28.779
28.976
29.2904
28.7987
28.9944
29.3599
28.7104
28.5817
28.7654
29.2443
28.6588
28.9636
28.6386
28.583
29.0452
28.72
28.6919
28.6884
29.2342
28.752
28.8775
28.882
28.5844
29.2747
28.8813
28.8442
28.8726
28.6337
28.6196
29.0636
29.0569
28.8527
28.8029
28.8156
28.5698
28.9095
29.0466
28.8494
28.7417
28.6001
28.9193
29.1563
29.0177
28.9548
28.929
28.6756
28.7818
28.44
28.7523
28.9117
29.0602
28.9873
29.0318
28.6597
29.1917
28.6841
28.721
28.4489
28.7371
29.0265
28.9476
28.7942
29.1643
28.7214
28.484
28.6283
28.759
28.7732
29.3451
28.8103
28.5702
28.4403
29.1716
29.1049
28.7528
29.2151
28.8245
28.6785
28.5805
28.6065
28.7841
28.9042
28.7046
29.103
28.9578
28.8618
29.1612
28.879
29.1309
29.01
29.0434
28.8796
28.8379
28.7545
29.1405
28.8697
28.7692
28.5446
28.8337
29.1926
28.8499
28.9931
29.1589
29.0182
28.8336
28.7371
29.1118
29.1956
29.0598
28.8431
28.738
29.0171
28.7198
29.0108
28.9272
29.2355
29.0046
28.8276
29.1002
28.9819
28.9272
28.7149
28.7714
28.9407
28.8987
28.9989
28.6273
29.0159
28.7507
29.3553
28.9442
28.7681
28.6471
28.7051
28.6919
29.0678
28.7841
29.0594
29.1942
28.9157
28.619
29.2712
29.1767
29.3278
29.2047
28.938
29.194
29.1773
29.335
29.2454
29.1371
28.9526
28.7675
28.994
29.0135
28.8787
28.6586
28.6827
28.6023
28.9167
28.8218
28.8047
28.5916
28.4238
28.8272
29.1614
28.6377
28.8018
28.9089
28.8094
28.6975
28.7424
28.8316
29.0171
28.5544
28.8418
28.8348
28.5146
28.7051
29.1193
28.5015
28.6817
28.6046
28.8881
28.8904
29.257
28.8237
28.7058
28.9285
28.9023
28.576
28.5918
29.0481
28.8531
28.8103
28.5196
28.7795
28.5983
28.6809
28.5753
28.9822
29.2568
28.8349
28.7906
28.818
28.5881
29.0249
28.6345
28.6808
28.4936
28.4621
28.8489
28.6416
28.8731
28.6779
29.0526
28.8409
28.6115
29.0627
29.0777
29.0796
29.0182
28.3516
29.116
29.1778
28.7829
28.9413
28.6044
28.9603
28.9661
28.7661
29.322
28.6097
29.1396
29.1817
28.9181
28.8273
29.1409
28.6429
28.5312
28.4536
28.7248
28.6836
28.7125
28.9921
28.8434
28.4509
28.5121
28.8019
28.9618
28.8284
28.9287
28.7863
28.9566
29.2438
29.1146
29.149
28.9151
28.742
29.2268
29.0627
28.8827
28.6895
28.9491
28.7016
28.9629
28.6863
28.7501
28.9114
28.9161
28.9069
29.0498
28.9381
28.8362
28.987
28.8977
28.8982
28.8725
28.5151
28.8644
29.127
29.2383
29.1094
28.6574
28.7967
29.1658
28.6679
28.8296
28.9506
28.9178
28.3444
29.2591
28.8217
28.849
28.7266
28.8436
28.6448
28.574
28.8763
28.8581
28.8854
28.9474
28.7661
28.7236
28.9981
28.8635
29.3143
29.1534
29.1027
28.8526
28.8599
28.9737
28.9653
28.9182
28.5503
28.7491
29.104
28.824
28.9855
29.0444
29.1209
28.5784
28.8962
28.8302
28.7138
29.0737
28.9192
28.6195
28.8887
28.7928
28.9605
29.1361
29.0099
29.0968
28.8613
28.708
28.6143
28.9132
28.5306
28.9637
28.9158
28.7774
28.7117
28.8378
29.0333
28.8807
28.8136
28.7648
28.7079
28.9453
29.0567
28.4273
29.1597
28.5683
29.0611
28.9917
28.7524
28.9024
29.0222
29.4245
29.2631
28.1587
28.8463
28.9654
28.6124
28.9288
28.9237
28.9137
28.5672
28.598
28.9821
28.5659
28.4793
29.2145
29.0235
28.7698
28.708
28.6058
28.855
29.0872
29.0622
28.6741
28.7631
28.7746
28.8208
28.7204
29.1397
28.8498
28.5344
28.5254
29.0395
29.1079
29.2708
28.7681
28.7504
28.7918
28.9957
28.5294
28.5654
28.8613
29.233
28.6014
29.1775
28.7386
29.0828
28.8103
28.9975
28.3661
28.8106
29.0201
29.0725
28.5447
28.8112
28.8589
29.1652
28.8904
28.729
28.9879
28.7202
28.9978
28.715
28.3473
28.9883
29.1632
28.9129
28.7546
28.4959
28.9093
28.9626
28.4703
28.8344
28.8793
28.6588
28.9343
28.8436
28.3674
29.0156
28.7177
29.0562
28.6217
29.0138
29.0284
28.81
28.6776
28.7899
29.2429
29.4333
29.0771
29.1018
28.9235
28.6839
28.6617
28.6877
29.0302
28.6668
28.7945
28.7377
29.3448
29.2061
28.8887
28.6193
28.9502
28.8931
28.9057
28.7145
29.0684
28.6768
28.9076
28.882
28.9915
28.6909
28.6462
28.8092
28.5642
28.6985
28.6449
28.5516
28.4946
28.7281
28.9021
28.9845
28.8484
28.6372
28.8058
28.8925
28.5903
28.9114
29.1196
28.7967
28.6267
28.8071
28.5865
28.4836
28.4895
29.032
28.8899
29.0929
28.725
28.6256
28.7203
28.5009
28.6136
28.8874
28.6693
28.4839
28.7206
28.8687
28.5297
28.5693
28.8485
28.3285
28.658
29.0725
28.8759
28.4721
28.5217
29.001
28.7307
29.005
28.4681
28.6403
29.1246
28.6497
28.4675
28.9769
28.9411
28.8162
28.4371
28.3908
28.4467
28.9801
28.1811
28.7495
28.7315
28.862
28.8125
28.9294
28.7795
29.015
29.0718
28.5164
28.6179
28.7831
28.2179
29.0139
28.8337
28.8001
28.9231
28.8346
28.5204
28.9872
28.5671
28.7984
28.9454
28.6189
28.5709
28.6311
29.2751
28.7941
28.8928
29.051
28.9344
29.1711
28.7231
29.0548
28.5064
28.9702
29.0139
28.8139
28.9929
29.2554
29.4073
28.824
29.1876
29.0143
28.6771
28.6547
28.8277
28.8735
29.0031
29.2295
28.8892
28.7346
28.8363
28.6695
28.8659
28.9858
29.2344
29.2101
29.3649
29.1215
29.0083
28.9762
28.7908
29.0311
28.3345
28.6699
28.5237
28.9307
28.5009
28.7212
28.7597
28.2573
28.0566
28.7609
28.9734
28.8417
28.977
28.3739
29.0222
28.4451
28.6452
28.484
28.9016
28.7562
28.5209
28.7859
28.9379
28.8631
28.6223
28.9211
28.6944
28.5218
28.906
28.7751
28.8536
28.7094
28.6529
29.1269
28.4094
28.6029
28.4634
28.4605
28.7019
28.9693
28.6769
28.7592
28.773
29.255
28.9722
28.963
28.514
28.6559
29.0449
28.6148
28.8197
28.7388
28.5388
28.6709
28.668
28.5213
28.9334
28.8749
28.856
28.8504
28.9982
29.0667
28.9147
28.4248
28.9459
28.9923
28.6866
29.0164
29.0362
28.6931
29.2123
29.2863
28.9101
28.8506
28.8945
29.0649
28.9713
28.9058
28.6801
28.4924
28.9798
28.8812
28.9732
28.7299
28.9536
28.4593
28.6604
28.7023
28.7473
28.8584
28.8712
28.6385
28.8431
28.8875
28.566
28.2844
28.5433
28.9426
28.8334
29.1139
28.6784
29.0837
28.7393
28.7119
28.5484
28.4572
28.6176
29.3933
28.9271
28.9213
28.7853
29.0041
28.9964
28.6311
28.7793
28.427
28.5883
28.5883
28.7506
28.4246
28.9434
28.7072
28.7708
28.5105
28.9887
28.594
28.6755
28.4954
28.9977
29.012
28.5323
28.6408
28.5832
28.6439
29.0328
28.5444
28.5696
28.8235
28.7898
28.9318
28.779
29.1413
29.0003
28.819
28.7981
28.6393
29.0725
28.9732
28.7619
29.0512
29.1788
28.9496
28.8787
28.5555
28.6137
28.8301
28.7581
29.0335
29.1722
28.7647
28.9253
28.7031
28.5748
28.766
28.7844
29.1144
28.6545
28.5017
28.715
28.6077
28.794
29.4061
28.8432
28.9618
28.8596
29.0124
28.6048
28.9367
28.8681
28.7359
28.6444
28.8361
29.0452
29.1493
29.3993
28.8065
28.9783
28.8387
28.9811
29.0974
28.5812
28.9707
28.829
28.8658
29.2485
28.6523
28.9712
28.4934
29.1277
29.0235
28.8637
29.0718
28.9265
28.6816
29.0373
29.2463
28.8717
28.4836
28.9662
29.4064
28.9706
28.4763
28.686
28.6001
28.8834
29.0201
28.7732
28.6914
29.0937
28.5938
28.8577
28.8488
28.767
28.5334
28.7114
28.5762
28.6592
28.9057
28.4248
28.5065
29.0575
28.6918
28.8168
28.8142
28.8451
29.2271
28.5597
28.9575
28.7551
29.0585
29.0412
29.0899
29.043
28.9089
28.9723
28.6857
28.6884
28.9506
28.9136
29.024
29.1224
28.7503
28.8116
28.6282
28.6484
29.1006
28.6059
29.2876
28.9838
28.9325
29.0121
28.8315
28.6142
28.4408
28.8257
28.9128
28.9488
28.6167
29.0631
28.5233
29.0283
29.4007
28.7469
28.3321
28.7352
28.7557
28.804
28.6756
28.9113
28.494
28.8458
28.922
28.6287
28.8768
28.8057
29.0149
28.5254
28.3157
28.6456
28.5405
28.7203
28.5746
28.61
28.7966
28.5699
28.4331
28.836
28.4678
28.7743
28.5251
29.0896
28.8663
28.7644
28.49
28.713
28.8689
28.7017
28.5692
28.5703
28.8843
29.1247
28.7553
28.569
29.1884
28.8029
29.0587
29.0569
28.6482
29.1733
28.9724
28.9756
29.0786
29.0671
29.3076
29.0597
28.5804
28.9633
28.5828
28.6122
29.2369
29.0282
28.9939
28.9985
28.7349
28.5733
28.54
28.7943
28.5744
28.9858
28.4819
28.9893
28.38
28.7474
28.8553
28.9519
28.8189
29.0743
28.901
28.9233
28.6805
28.584
28.7164
28.528
28.9147
28.4463
28.7828
28.7274
28.9466
28.7539
28.9087
28.8185
28.7686
28.94
28.9393
28.9897
28.7174
28.9101
28.6831
28.9789
28.8465
28.7976
28.8133
28.8992
28.9388
29.1135
28.71
29.1762
29.0238
28.9523
29.2489
28.8851
29.0418
28.8161
28.9235
29.093
28.7926
28.7448
28.6611
29.0164
28.7054
28.8082
28.8648
29.5109
28.7218
28.415
28.4342
28.7872
28.5359
28.9834
29.3085
28.8792
28.711
29.1143
28.8678
28.9834
29.0026
28.7079
29.016
28.4841
28.9586
28.6409
28.4279
28.8532
28.6436
28.6688
28.8796
29.1117
29.0381
29.1306
28.604
28.6407
28.9059
28.6644
28.8465
28.6723
28.8342
28.7679
28.5594
29.1819
28.9479
29.0291
28.9159
29.0024
29.0149
28.8315
28.6191
29.0738
28.6881
28.951
28.7194
28.9155
28.9625
28.8937
28.953
28.9298
29.1646
28.9009
28.7581
29.1309
28.9855
28.7776
28.7564
28.9887
29.0789
29.1089
28.9895
28.8995
28.5348
28.6496
28.9665
28.9954
28.5854
28.7181
